Ramachandran energy map for alanine. Grid size of 10 degrees used.              
*
 1296
-180.00000-180.00000-180.00000  4.0056129      7.7520490    
-180.00000-180.00000-170.00000  4.2355375      11.744697    
-180.00000-180.00000-160.00000  4.5251656      20.687971    
-180.00000-180.00000-150.00000  4.8830862      38.529060    
-180.00000-180.00000-140.00000  5.2663078      67.127144    
-180.00000-180.00000-130.00000  5.5641026      98.356194    
-180.00000-180.00000-120.00000  5.6404042      112.65071    
-180.00000-180.00000-110.00000  5.4288874      98.171547    
-180.00000-180.00000-100.00000  4.9901533      66.758423    
-180.00000-180.00000 -90.00000  4.4632525      37.994438    
-180.00000-180.00000 -80.00000  3.9763794      20.065666    
-180.00000-180.00000 -70.00000  3.6034462      11.255189    
-180.00000-180.00000 -60.00000  3.3699923      7.9269376    
-180.00000-180.00000 -50.00000  3.2744203      8.0912228    
-180.00000-180.00000 -40.00000  3.3030014      12.035327    
-180.00000-180.00000 -30.00000  3.4336281      23.923801    
-180.00000-180.00000 -20.00000  3.6341207      61.301090    
-180.00000-180.00000 -10.00000  3.8613360      162.59697    
-180.00000-180.00000   0.00000  4.0561953      251.24234    
-180.00000-180.00000  10.00000  4.1815705      162.92371    
-180.00000-180.00000  20.00000  4.2756362      61.936760    
-180.00000-180.00000  30.00000  4.3805451      24.797235    
-180.00000-180.00000  40.00000  4.4940290      12.940264    
-180.00000-180.00000  50.00000  4.5788221      8.5243063    
-180.00000-180.00000  60.00000  4.5854440      6.7502313    
-180.00000-180.00000  70.00000  4.4844961      5.9789066    
-180.00000-180.00000  80.00000  4.2866039      5.5575414    
-180.00000-180.00000  90.00000  4.0361543      5.2531004    
-180.00000-180.00000 100.00000  3.7878804      5.0086575    
-180.00000-180.00000 110.00000  3.5855808      4.8255334    
-180.00000-180.00000 120.00000  3.4538445      4.7145343    
-180.00000-180.00000 130.00000  3.4005566      4.6836681    
-180.00000-180.00000 140.00000  3.4225197      4.7421527    
-180.00000-180.00000 150.00000  3.5090730      4.9144859    
-180.00000-180.00000 160.00000  3.6443706      5.2749734    
-180.00000-180.00000 170.00000  3.8121920      6.0353985    
-180.00000-170.00000-180.00000  2.7494845      6.4959807    
-180.00000-170.00000-170.00000  2.9787791      10.489619    
-180.00000-170.00000-160.00000  3.2689116      19.434956    
-180.00000-170.00000-150.00000  3.6280687      37.279026    
-180.00000-170.00000-140.00000  4.0124850      65.880035    
-180.00000-170.00000-130.00000  4.3110619      97.111412    
-180.00000-170.00000-120.00000  4.3878317      111.40878    
-180.00000-170.00000-110.00000  4.1766419      96.932076    
-180.00000-170.00000-100.00000  3.7382326      65.521538    
-180.00000-170.00000 -90.00000  3.2116225      36.759583    
-180.00000-170.00000 -80.00000  2.7249122      18.832180    
-180.00000-170.00000 -70.00000  2.3518763      10.022888    
-180.00000-170.00000 -60.00000  2.1179903      6.7064171    
-180.00000-170.00000 -50.00000  2.0216653      6.9719186    
-180.00000-170.00000 -40.00000  2.0492885      11.621111    
-180.00000-170.00000 -30.00000  2.1794646      27.708942    
-180.00000-170.00000 -20.00000  2.3814721      81.452065    
-180.00000-170.00000 -10.00000  2.6082487      191.87206    
-180.00000-170.00000   0.00000  2.7945230      214.27164    
-180.00000-170.00000  10.00000  2.9177694      110.26088    
-180.00000-170.00000  20.00000  3.0169516      44.205669    
-180.00000-170.00000  30.00000  3.1236486      20.561981    
-180.00000-170.00000  40.00000  3.2363057      11.238571    
-180.00000-170.00000  50.00000  3.3198171      7.1955218    
-180.00000-170.00000  60.00000  3.3254077      5.4649038    
-180.00000-170.00000  70.00000  3.2239077      4.6945701    
-180.00000-170.00000  80.00000  3.0259693      4.2726483    
-180.00000-170.00000  90.00000  2.7758763      3.9701333    
-180.00000-170.00000 100.00000  2.5282061      3.7291589    
-180.00000-170.00000 110.00000  2.3266397      3.5500429    
-180.00000-170.00000 120.00000  2.1957273      3.4430835    
-180.00000-170.00000 130.00000  2.1434157      3.4161234    
-180.00000-170.00000 140.00000  2.1665151      3.4783444    
-180.00000-170.00000 150.00000  2.2541471      3.6540477    
-180.00000-170.00000 160.00000  2.3899214      4.0170522    
-180.00000-170.00000 170.00000  2.5572028      4.7787657    
-180.00000-160.00000-180.00000  2.1209340      5.8676310    
-180.00000-160.00000-170.00000  2.3505123      9.8630781    
-180.00000-160.00000-160.00000  2.6418462      18.811022    
-180.00000-160.00000-150.00000  3.0022593      36.657555    
-180.00000-160.00000-140.00000  3.3874049      65.260490    
-180.00000-160.00000-130.00000  3.6862025      96.493561    
-180.00000-160.00000-120.00000  3.7629561      110.79229    
-180.00000-160.00000-110.00000  3.5518107      96.316841    
-180.00000-160.00000-100.00000  3.1135828      64.907875    
-180.00000-160.00000 -90.00000  2.5872715      36.147343    
-180.00000-160.00000 -80.00000  2.1008413      18.221052    
-180.00000-160.00000 -70.00000  1.7279391      9.4148712    
-180.00000-160.00000 -60.00000  1.4939333      6.1223106    
-180.00000-160.00000 -50.00000  1.3971269      6.5539393    
-180.00000-160.00000 -40.00000  1.4239005      12.207183    
-180.00000-160.00000 -30.00000  1.5533130      32.895103    
-180.00000-160.00000 -20.00000  1.7541865      93.695107    
-180.00000-160.00000 -10.00000  1.9747409      170.62234    
-180.00000-160.00000   0.00000  2.1553180      143.49716    
-180.00000-160.00000  10.00000  2.2834184      71.681526    
-180.00000-160.00000  20.00000  2.3871605      34.884716    
-180.00000-160.00000  30.00000  2.4936943      18.567947    
-180.00000-160.00000  40.00000  2.6044874      10.438364    
-180.00000-160.00000  50.00000  2.6861675      6.5432549    
-180.00000-160.00000  60.00000  2.6905558      4.8128686    
-180.00000-160.00000  70.00000  2.5886452      4.0322742    
-180.00000-160.00000  80.00000  2.3910508      3.6068475    
-180.00000-160.00000  90.00000  2.1418545      3.3064804    
-180.00000-160.00000 100.00000  1.8954360      3.0705531    
-180.00000-160.00000 110.00000  1.6952928      2.8974884    
-180.00000-160.00000 120.00000  1.5658740      2.7965813    
-180.00000-160.00000 130.00000  1.5150344      2.7752006    
-180.00000-160.00000 140.00000  1.5393943      2.8422041    
-180.00000-160.00000 150.00000  1.6277008      3.0215499    
-180.00000-160.00000 160.00000  1.7631823      3.3867157    
-180.00000-160.00000 170.00000  1.9294447      4.1494765    
-180.00000-150.00000-180.00000  1.7997350      5.5468140    
-180.00000-150.00000-170.00000  2.0300043      9.5443354    
-180.00000-150.00000-160.00000  2.3222630      18.494339    
-180.00000-150.00000-150.00000  2.6831710      36.342407    
-180.00000-150.00000-140.00000  3.0682194      64.946228    
-180.00000-150.00000-130.00000  3.3666053      96.179649    
-180.00000-150.00000-120.00000  3.4430258      110.47921    
-180.00000-150.00000-110.00000  3.2318428      96.004494    
-180.00000-150.00000-100.00000  2.7939236      64.596443    
-180.00000-150.00000 -90.00000  2.2681699      35.836964    
-180.00000-150.00000 -80.00000  1.7823935      17.911867    
-180.00000-150.00000 -70.00000  1.4100831      9.1108503    
-180.00000-150.00000 -60.00000  1.1764138      5.8517475    
-180.00000-150.00000 -50.00000  1.0794959      6.4796767    
-180.00000-150.00000 -40.00000  1.1056200      13.046136    
-180.00000-150.00000 -30.00000  1.2338668      35.564934    
-180.00000-150.00000 -20.00000  1.4314537      85.895340    
-180.00000-150.00000 -10.00000  1.6461173      119.66162    
-180.00000-150.00000   0.00000  1.8266107      89.468651    
-180.00000-150.00000  10.00000  1.9588532      52.442924    
-180.00000-150.00000  20.00000  2.0627706      30.947308    
-180.00000-150.00000  30.00000  2.1665094      17.810236    
-180.00000-150.00000  40.00000  2.2741704      10.143169    
-180.00000-150.00000  50.00000  2.3535082      6.2585707    
-180.00000-150.00000  60.00000  2.3567255      4.4859362    
-180.00000-150.00000  70.00000  2.2548695      3.6761553    
-180.00000-150.00000  80.00000  2.0583594      3.2393310    
-180.00000-150.00000  90.00000  1.8109825      2.9392474    
-180.00000-150.00000 100.00000  1.5668042      2.7094991    
-180.00000-150.00000 110.00000  1.3690603      2.5447795    
-180.00000-150.00000 120.00000  1.2419807      2.4523602    
-180.00000-150.00000 130.00000  1.1931919      2.4385610    
-180.00000-150.00000 140.00000  1.2189907      2.5116231    
-180.00000-150.00000 150.00000  1.3077924      2.6951613    
-180.00000-150.00000 160.00000  1.4428413      3.0627849    
-180.00000-150.00000 170.00000  1.6083734      3.8270421    
-180.00000-140.00000-180.00000  1.6288675      5.3765745    
-180.00000-140.00000-170.00000  1.8593920      9.3755684    
-180.00000-140.00000-160.00000  2.1516078      18.326456    
-180.00000-140.00000-150.00000  2.5119193      36.174629    
-180.00000-140.00000-140.00000  2.8959997      64.778091    
-180.00000-140.00000-130.00000  3.1934743      96.011177    
-180.00000-140.00000-120.00000  3.2693870      110.31058    
-180.00000-140.00000-110.00000  3.0582607      95.836578    
-180.00000-140.00000-100.00000  2.6209502      64.429375    
-180.00000-140.00000 -90.00000  2.0962181      35.671146    
-180.00000-140.00000 -80.00000  1.6116642      17.747860    
-180.00000-140.00000 -70.00000  1.2405522      8.9531031    
-180.00000-140.00000 -60.00000  1.0078255      5.7258410    
-180.00000-140.00000 -50.00000 0.91137064      6.4889822    
-180.00000-140.00000 -40.00000 0.93737787      13.266974    
-180.00000-140.00000 -30.00000  1.0646368      33.059452    
-180.00000-140.00000 -20.00000  1.2592673      65.053146    
-180.00000-140.00000 -10.00000  1.4709774      77.267769    
-180.00000-140.00000   0.00000  1.6516287      62.341133    
-180.00000-140.00000  10.00000  1.7828246      44.791531    
-180.00000-140.00000  20.00000  1.8825657      29.691952    
-180.00000-140.00000  30.00000  1.9812595      17.806438    
-180.00000-140.00000  40.00000  2.0846789      10.252178    
-180.00000-140.00000  50.00000  2.1612976      6.2624602    
-180.00000-140.00000  60.00000  2.1635921      4.3763461    
-180.00000-140.00000  70.00000  2.0625179      3.4938681    
-180.00000-140.00000  80.00000  1.8681805      3.0233502    
-180.00000-140.00000  90.00000  1.6239232      2.7144878    
-180.00000-140.00000 100.00000  1.3833563      2.4889159    
-180.00000-140.00000 110.00000  1.1893166      2.3338296    
-180.00000-140.00000 120.00000  1.0656902      2.2522597    
-180.00000-140.00000 130.00000  1.0197431      2.2482605    
-180.00000-140.00000 140.00000  1.0474557      2.3290048    
-180.00000-140.00000 150.00000  1.1370751      2.5177829    
-180.00000-140.00000 160.00000  1.2721043      2.8886566    
-180.00000-140.00000 170.00000  1.4374346      3.6550560    
-180.00000-130.00000-180.00000  1.5304941      5.2792182    
-180.00000-130.00000-170.00000  1.7604135      9.2786331    
-180.00000-130.00000-160.00000  2.0514913      18.229090    
-180.00000-130.00000-150.00000  2.4102383      36.076206    
-180.00000-130.00000-140.00000  2.7926633      64.678474    
-180.00000-130.00000-130.00000  3.0888200      95.910568    
-180.00000-130.00000-120.00000  3.1640916      110.20949    
-180.00000-130.00000-110.00000  2.9531574      95.735977    
-180.00000-130.00000-100.00000  2.5168297      64.329849    
-180.00000-130.00000 -90.00000  1.9936686      35.573174    
-180.00000-130.00000 -80.00000  1.5110002      17.652159    
-180.00000-130.00000 -70.00000  1.1417931      8.8625965    
-180.00000-130.00000 -60.00000 0.91069221      5.6494179    
-180.00000-130.00000 -50.00000 0.81536818      6.3986902    
-180.00000-130.00000 -40.00000 0.84190494      12.499830    
-180.00000-130.00000 -30.00000 0.96866870      27.293093    
-180.00000-130.00000 -20.00000  1.1612718      46.296783    
-180.00000-130.00000 -10.00000  1.3703809      54.677704    
-180.00000-130.00000   0.00000  1.5476696      51.599300    
-180.00000-130.00000  10.00000  1.6731435      42.433197    
-180.00000-130.00000  20.00000  1.7658023      29.949970    
-180.00000-130.00000  30.00000  1.8578155      18.631603    
-180.00000-130.00000  40.00000  1.9560269      11.001233    
-180.00000-130.00000  50.00000  2.0295315      6.7252679    
-180.00000-130.00000  60.00000  2.0311177      4.5636711    
-180.00000-130.00000  70.00000  1.9316831      3.4982395    
-180.00000-130.00000  80.00000  1.7408876      2.9294660    
-180.00000-130.00000  90.00000  1.5014614      2.5774522    
-180.00000-130.00000 100.00000  1.2663242      2.3404887    
-180.00000-130.00000 110.00000  1.0777050      2.1902931    
-180.00000-130.00000 120.00000 0.95896131      2.1198471    
-180.00000-130.00000 130.00000 0.91695821      2.1274199    
-180.00000-130.00000 140.00000 0.94737893      2.2174995    
-180.00000-130.00000 150.00000  1.0384437      2.4127452    
-180.00000-130.00000 160.00000  1.1739728      2.7876258    
-180.00000-130.00000 170.00000  1.3393039      3.5563762    
-180.00000-120.00000-180.00000  1.4665027      5.2167187    
-180.00000-120.00000-170.00000  1.6951772      9.2157135    
-180.00000-120.00000-160.00000  1.9844586      18.164839    
-180.00000-120.00000-150.00000  2.3410194      36.010101    
-180.00000-120.00000-140.00000  2.7212279      64.610283    
-180.00000-120.00000-130.00000  3.0155861      95.840813    
-180.00000-120.00000-120.00000  3.0898957      110.13894    
-180.00000-120.00000-110.00000  2.8790851      95.665504    
-180.00000-120.00000-100.00000  2.4439559      64.260674    
-180.00000-120.00000 -90.00000  1.9228392      35.505932    
-180.00000-120.00000 -80.00000  1.4426850      17.587389    
-180.00000-120.00000 -70.00000  1.0760318      8.7999439    
-180.00000-120.00000 -60.00000 0.84713316      5.5748010    
-180.00000-120.00000 -50.00000 0.75338876      6.1688499    
-180.00000-120.00000 -40.00000 0.78065342      11.199826    
-180.00000-120.00000 -30.00000 0.90680236      21.961229    
-180.00000-120.00000 -20.00000  1.0968760      35.469501    
-180.00000-120.00000 -10.00000  1.3014786      45.331528    
-180.00000-120.00000   0.00000  1.4721013      48.201233    
-180.00000-120.00000  10.00000  1.5893315      42.728767    
-180.00000-120.00000  20.00000  1.6735115      31.905533    
-180.00000-120.00000  30.00000  1.7577881      21.196487    
-180.00000-120.00000  40.00000  1.8496656      13.334989    
-180.00000-120.00000  50.00000  1.9190865      8.3729362    
-180.00000-120.00000  60.00000  1.9196275      5.5398011    
-180.00000-120.00000  70.00000  1.8224214      3.9952137    
-180.00000-120.00000  80.00000  1.6366793      3.1163630    
-180.00000-120.00000  90.00000  1.4041865      2.5833712    
-180.00000-120.00000 100.00000  1.1767981      2.2626221    
-180.00000-120.00000 110.00000 0.99576455      2.0884967    
-180.00000-120.00000 120.00000 0.88370758      2.0213497    
-180.00000-120.00000 130.00000 0.84699953      2.0399785    
-180.00000-120.00000 140.00000 0.88109720      2.1404529    
-180.00000-120.00000 150.00000 0.97426558      2.3430066    
-180.00000-120.00000 160.00000  1.1106554      2.7222495    
-180.00000-120.00000 170.00000  1.2759694      3.4932070    
-180.00000-110.00000-180.00000  1.4221948      5.1746140    
-180.00000-110.00000-170.00000  1.6499505      9.1732426    
-180.00000-110.00000-160.00000  1.9377425      18.121170    
-180.00000-110.00000-150.00000  2.2921603      35.964413    
-180.00000-110.00000-140.00000  2.6697416      64.562065    
-180.00000-110.00000-130.00000  2.9614725      95.790009    
-180.00000-110.00000-120.00000  3.0338435      110.08597    
-180.00000-110.00000-110.00000  2.8223231      95.611877    
-180.00000-110.00000-100.00000  2.3879433      64.207771    
-180.00000-110.00000 -90.00000  1.8688152      35.455013    
-180.00000-110.00000 -80.00000  1.3913951      17.538696    
-180.00000-110.00000 -70.00000  1.0275989      8.7498779    
-180.00000-110.00000 -60.00000 0.80109876      5.4943848    
-180.00000-110.00000 -50.00000 0.70883101      5.8876190    
-180.00000-110.00000 -40.00000 0.73625344      10.035873    
-180.00000-110.00000 -30.00000 0.86070842      18.676464    
-180.00000-110.00000 -20.00000  1.0467744      30.660151    
-180.00000-110.00000 -10.00000  1.2451216      42.234322    
-180.00000-110.00000   0.00000  1.4080313      48.231232    
-180.00000-110.00000  10.00000  1.5173053      45.687180    
-180.00000-110.00000  20.00000  1.5938781      37.619267    
-180.00000-110.00000  30.00000  1.6704116      28.569155    
-180.00000-110.00000  40.00000  1.7543510      20.369106    
-180.00000-110.00000  50.00000  1.8171818      13.878409    
-180.00000-110.00000  60.00000  1.8146520      9.4817810    
-180.00000-110.00000  70.00000  1.7190363      6.5245543    
-180.00000-110.00000  80.00000  1.5392147      4.4164848    
-180.00000-110.00000  90.00000  1.3156450      3.0632668    
-180.00000-110.00000 100.00000  1.0984821      2.3505101    
-180.00000-110.00000 110.00000 0.92745811      2.0428793    
-180.00000-110.00000 120.00000 0.82410085      1.9492761    
-180.00000-110.00000 130.00000 0.79418045      1.9731619    
-180.00000-110.00000 140.00000 0.83295643      2.0836041    
-180.00000-110.00000 150.00000 0.92888677      2.2937281    
-180.00000-110.00000 160.00000  1.0665184      2.6773949    
-180.00000-110.00000 170.00000  1.2320669      3.4504519    
-180.00000-100.00000-180.00000  1.4024090      5.1579385    
-180.00000-100.00000-170.00000  1.6321523      9.1588192    
-180.00000-100.00000-160.00000  1.9212861      18.108177    
-180.00000-100.00000-150.00000  2.2754703      35.951115    
-180.00000-100.00000-140.00000  2.6507490      64.546440    
-180.00000-100.00000-130.00000  2.9385233      95.770416    
-180.00000-100.00000-120.00000  3.0064034      110.06192    
-180.00000-100.00000-110.00000  2.7911429      95.584106    
-180.00000-100.00000-100.00000  2.3546722      64.177673    
-180.00000-100.00000 -90.00000  1.8353693      35.424454    
-180.00000-100.00000 -80.00000  1.3592837      17.508564    
-180.00000-100.00000 -70.00000 0.99746281      8.7156553    
-180.00000-100.00000 -60.00000 0.77262276      5.4267564    
-180.00000-100.00000 -50.00000 0.68091363      5.6598239    
-180.00000-100.00000 -40.00000 0.70723557      9.3011875    
-180.00000-100.00000 -30.00000 0.82862723      17.121283    
-180.00000-100.00000 -20.00000  1.0098767      28.997238    
-180.00000-100.00000 -10.00000  1.2027953      42.091732    
-180.00000-100.00000   0.00000  1.3616025      51.283436    
-180.00000-100.00000  10.00000  1.4694314      54.388737    
-180.00000-100.00000  20.00000  1.5457659      54.168404    
-180.00000-100.00000  30.00000  1.6189911      51.047756    
-180.00000-100.00000  40.00000  1.6941245      43.682457    
-180.00000-100.00000  50.00000  1.7457149      35.819645    
-180.00000-100.00000  60.00000  1.7342616      28.786243    
-180.00000-100.00000  70.00000  1.6346074      19.679010    
-180.00000-100.00000  80.00000  1.4566792      10.681322    
-180.00000-100.00000  90.00000  1.2404580      5.1990142    
-180.00000-100.00000 100.00000  1.0339162      2.8786712    
-180.00000-100.00000 110.00000 0.87422514      2.1081359    
-180.00000-100.00000 120.00000 0.78104824      1.9155369    
-180.00000-100.00000 130.00000 0.75915915      1.9311001    
-180.00000-100.00000 140.00000 0.80358523      2.0493016    
-180.00000-100.00000 150.00000 0.90310508      2.2666764    
-180.00000-100.00000 160.00000  1.0430145      2.6550627    
-180.00000-100.00000 170.00000  1.2103699      3.4312503    
-180.00000 -90.00000-180.00000  1.4390844      5.1989264    
-180.00000 -90.00000-170.00000  1.6811670      9.2120457    
-180.00000 -90.00000-160.00000  1.9825633      18.173498    
-180.00000 -90.00000-150.00000  2.3455436      36.025070    
-180.00000 -90.00000-140.00000  2.7233164      64.622696    
-180.00000 -90.00000-130.00000  3.0062301      95.841530    
-180.00000 -90.00000-120.00000  3.0629945      110.12173    
-180.00000 -90.00000-110.00000  2.8333776      95.629478    
-180.00000 -90.00000-100.00000  2.3830886      64.209129    
-180.00000 -90.00000 -90.00000  1.8534410      35.445286    
-180.00000 -90.00000 -80.00000  1.3713217      17.522240    
-180.00000 -90.00000 -70.00000  1.0067225      8.7208128    
-180.00000 -90.00000 -60.00000 0.78047997      5.4042892    
-180.00000 -90.00000 -50.00000 0.68711537      5.5425391    
-180.00000 -90.00000 -40.00000 0.71074551      8.9674492    
-180.00000 -90.00000 -30.00000 0.82877606      16.611073    
-180.00000 -90.00000 -20.00000  1.0078900      28.998817    
-180.00000 -90.00000 -10.00000  1.2035800      44.437508    
-180.00000 -90.00000   0.00000  1.3747867      60.451057    
-180.00000 -90.00000  10.00000  1.5072080      79.855766    
-180.00000 -90.00000  20.00000  1.6145841      106.28534    
-180.00000 -90.00000  30.00000  1.7108299      128.14998    
-180.00000 -90.00000  40.00000  1.7927659      142.29674    
-180.00000 -90.00000  50.00000  1.8379856      166.99046    
-180.00000 -90.00000  60.00000  1.8033086      162.56813    
-180.00000 -90.00000  70.00000  1.6648111      98.744522    
-180.00000 -90.00000  80.00000  1.4528154      38.753078    
-180.00000 -90.00000  90.00000  1.2206199      12.268328    
-180.00000 -90.00000 100.00000  1.0130246      4.3258762    
-180.00000 -90.00000 110.00000 0.85978270      2.3566153    
-180.00000 -90.00000 120.00000 0.77526683      1.9469922    
-180.00000 -90.00000 130.00000 0.76140761      1.9357988    
-180.00000 -90.00000 140.00000 0.81226337      2.0584509    
-180.00000 -90.00000 150.00000 0.91704869      2.2829602    
-180.00000 -90.00000 160.00000  1.0623962      2.6781030    
-180.00000 -90.00000 170.00000  1.2369905      3.4620688    
-180.00000 -80.00000-180.00000  1.6206559      5.3862867    
-180.00000 -80.00000-170.00000  1.9103059      9.4464893    
-180.00000 -80.00000-160.00000  2.2649782      18.460773    
-180.00000 -80.00000-150.00000  2.6764753      36.360664    
-180.00000 -80.00000-140.00000  3.0846753      64.988441    
-180.00000 -80.00000-130.00000  3.3679540      96.207390    
-180.00000 -80.00000-120.00000  3.3913867      110.45399    
-180.00000 -80.00000-110.00000  3.1045451      95.904274    
-180.00000 -80.00000-100.00000  2.5919569      64.421188    
-180.00000 -80.00000 -90.00000  2.0111430      35.605591    
-180.00000 -80.00000 -80.00000  1.4950755      17.647322    
-180.00000 -80.00000 -70.00000  1.1111213      8.8221130    
-180.00000 -80.00000 -60.00000 0.87436545      5.4803023    
-180.00000 -80.00000 -50.00000 0.77468270      5.5755172    
-180.00000 -80.00000 -40.00000 0.79452169      8.9644489    
-180.00000 -80.00000 -30.00000 0.91324353      16.820024    
-180.00000 -80.00000 -20.00000  1.1037732      30.571127    
-180.00000 -80.00000 -10.00000  1.3327920      51.582512    
-180.00000 -80.00000   0.00000  1.5747311      87.215477    
-180.00000 -80.00000  10.00000  1.8278692      161.65515    
-180.00000 -80.00000  20.00000  2.0976431      291.79834    
-180.00000 -80.00000  30.00000  2.3732610      462.97836    
-180.00000 -80.00000  40.00000  2.6562533      860.29889    
-180.00000 -80.00000  50.00000  2.8586338      1589.4010    
-180.00000 -80.00000  60.00000  2.7158387      1479.6431    
-180.00000 -80.00000  70.00000  2.2469752      604.47131    
-180.00000 -80.00000  80.00000  1.7598016      145.49338    
-180.00000 -80.00000  90.00000  1.3859795      29.407846    
-180.00000 -80.00000 100.00000  1.1193875      6.9238234    
-180.00000 -80.00000 110.00000 0.94670630      2.8066552    
-180.00000 -80.00000 120.00000 0.86016750      2.0866313    
-180.00000 -80.00000 130.00000 0.85091698      2.0371821    
-180.00000 -80.00000 140.00000 0.90884697      2.1620886    
-180.00000 -80.00000 150.00000  1.0232747      2.3960235    
-180.00000 -80.00000 160.00000  1.1836064      2.8059897    
-180.00000 -80.00000 170.00000  1.3823773      3.6137378    
-180.00000 -70.00000-180.00000  2.1871023      5.9602957    
-180.00000 -70.00000-170.00000  2.6564415      10.199343    
-180.00000 -70.00000-160.00000  3.2358241      19.437708    
-180.00000 -70.00000-150.00000  3.8797529      37.569458    
-180.00000 -70.00000-140.00000  4.4559097      66.364662    
-180.00000 -70.00000-130.00000  4.7617316      97.605927    
-180.00000 -70.00000-120.00000  4.6353865      111.70263    
-180.00000 -70.00000-110.00000  4.0883393      96.891861    
-180.00000 -70.00000-100.00000  3.3087659      65.141464    
-180.00000 -70.00000 -90.00000  2.5248275      36.121830    
-180.00000 -70.00000 -80.00000  1.8832504      18.036402    
-180.00000 -70.00000 -70.00000  1.4320264      9.1409140    
-180.00000 -70.00000 -60.00000  1.1620488      5.7617378    
-180.00000 -70.00000 -50.00000  1.0474937      5.8511400    
-180.00000 -70.00000 -40.00000  1.0662152      9.3603210    
-180.00000 -70.00000 -30.00000  1.2042985      17.955772    
-180.00000 -70.00000 -20.00000  1.4546827      35.254196    
-180.00000 -70.00000 -10.00000  1.8225975      72.149902    
-180.00000 -70.00000   0.00000  2.3464408      172.85570    
-180.00000 -70.00000  10.00000  3.1072066      459.66766    
-180.00000 -70.00000  20.00000  4.1978183      1096.0009    
-180.00000 -70.00000  30.00000  5.9122596      3050.9448    
-180.00000 -70.00000  40.00000  8.8440332      13455.339    
-180.00000 -70.00000  50.00000  11.061677      30735.559    
-180.00000 -70.00000  60.00000  8.8770761      17166.377    
-180.00000 -70.00000  70.00000  5.1921716      3215.7913    
-180.00000 -70.00000  80.00000  3.0590303      406.10086    
-180.00000 -70.00000  90.00000  2.0552938      53.593452    
-180.00000 -70.00000 100.00000  1.5392778      9.6497526    
-180.00000 -70.00000 110.00000  1.2685401      3.3918757    
-180.00000 -70.00000 120.00000  1.1492095      2.4207425    
-180.00000 -70.00000 130.00000  1.1350988      2.3401551    
-180.00000 -70.00000 140.00000  1.2024233      2.4697282    
-180.00000 -70.00000 150.00000  1.3401207      2.7247036    
-180.00000 -70.00000 160.00000  1.5453116      3.1777828    
-180.00000 -70.00000 170.00000  1.8229729      4.0630064    
-180.00000 -60.00000-180.00000  3.8876877      7.6703558    
-180.00000 -60.00000-170.00000  5.1194367      12.670588    
-180.00000 -60.00000-160.00000  6.7441411      22.953424    
-180.00000 -60.00000-150.00000  8.5175333      42.213894    
-180.00000 -60.00000-140.00000  9.8450260      71.760078    
-180.00000 -60.00000-130.00000  10.062634      102.91268    
-180.00000 -60.00000-120.00000  9.0096960      116.08219    
-180.00000 -60.00000-110.00000  7.1977377      100.00608    
-180.00000 -60.00000-100.00000  5.3362536      67.172737    
-180.00000 -60.00000 -90.00000  3.8530209      37.452469    
-180.00000 -60.00000 -80.00000  2.8362744      18.989923    
-180.00000 -60.00000 -70.00000  2.2065928      9.9147863    
-180.00000 -60.00000 -60.00000  1.8590510      6.4667659    
-180.00000 -60.00000 -50.00000  1.7200255      6.5998778    
-180.00000 -60.00000 -40.00000  1.7584102      10.504432    
-180.00000 -60.00000 -30.00000  1.9863176      21.104740    
-180.00000 -60.00000 -20.00000  2.4698286      48.423103    
-180.00000 -60.00000 -10.00000  3.3721061      136.45210    
-180.00000 -60.00000   0.00000  5.0528488      483.68625    
-180.00000 -60.00000  10.00000  8.2303343      1747.5677    
-180.00000 -60.00000  20.00000  15.017787      6681.7202    
-180.00000 -60.00000  30.00000  35.608883      64873.164    
-180.00000 -60.00000  40.00000  84.593765      673131.25    
-180.00000 -60.00000  50.00000  97.876320      1031790.0    
-180.00000 -60.00000  60.00000  46.345867      150951.31    
-180.00000 -60.00000  70.00000  15.709723      9190.0820    
-180.00000 -60.00000  80.00000  6.7610812      628.64935    
-180.00000 -60.00000  90.00000  3.8347962      62.983517    
-180.00000 -60.00000 100.00000  2.6127620      10.774423    
-180.00000 -60.00000 110.00000  2.0743310      4.1642704    
-180.00000 -60.00000 120.00000  1.8635639      3.1499276    
-180.00000 -60.00000 130.00000  1.8315455      3.0597210    
-180.00000 -60.00000 140.00000  1.9228438      3.2107010    
-180.00000 -60.00000 150.00000  2.1313086      3.5325980    
-180.00000 -60.00000 160.00000  2.4842432      4.1302443    
-180.00000 -60.00000 170.00000  3.0402713      5.2914863    
-180.00000 -50.00000-180.00000  9.6766281      13.470594    
-180.00000 -50.00000-170.00000  14.701614      22.262630    
-180.00000 -50.00000-160.00000  21.711906      37.930016    
-180.00000 -50.00000-150.00000  28.870893      62.575459    
-180.00000 -50.00000-140.00000  32.473743      94.396347    
-180.00000 -50.00000-130.00000  30.024063      122.88100    
-180.00000 -50.00000-120.00000  23.149223      130.22820    
-180.00000 -50.00000-110.00000  15.702250      108.51631    
-180.00000 -50.00000-100.00000  10.123522      71.964233    
-180.00000 -50.00000 -90.00000  6.7087970      40.310589    
-180.00000 -50.00000 -80.00000  4.8256874      20.979719    
-180.00000 -50.00000 -70.00000  3.8398814      11.551482    
-180.00000 -50.00000 -60.00000  3.3622475      8.0071955    
-180.00000 -50.00000 -50.00000  3.2142763      8.3231430    
-180.00000 -50.00000 -40.00000  3.3715980      13.339661    
-180.00000 -50.00000 -30.00000  3.9651852      29.602024    
-180.00000 -50.00000 -20.00000  5.3832045      88.236938    
-180.00000 -50.00000 -10.00000  8.5865345      363.33096    
-180.00000 -50.00000   0.00000  15.959427      1809.0391    
-180.00000 -50.00000  10.00000  35.193985      9549.7559    
-180.00000 -50.00000  20.00000  121.69308      132084.52    
-180.00000 -50.00000  30.00000  677.23096      7562819.0    
-180.00000 -50.00000  40.00000  1853.1139     1.45318880E+08
-180.00000 -50.00000  50.00000  1004.7524      22274996.    
-180.00000 -50.00000  60.00000  182.14021      353500.72    
-180.00000 -50.00000  70.00000  38.273445      8868.0313    
-180.00000 -50.00000  80.00000  14.453416      469.55762    
-180.00000 -50.00000  90.00000  7.4577694      48.327198    
-180.00000 -50.00000 100.00000  4.7978916      10.731754    
-180.00000 -50.00000 110.00000  3.7634015      5.5752344    
-180.00000 -50.00000 120.00000  3.4009564      4.6791229    
-180.00000 -50.00000 130.00000  3.3605800      4.6150751    
-180.00000 -50.00000 140.00000  3.5489373      4.8622594    
-180.00000 -50.00000 150.00000  4.0122447      5.4340472    
-180.00000 -50.00000 160.00000  4.9237819      6.5861287    
-180.00000 -50.00000 170.00000  6.6268382      8.8914089    
-180.00000 -40.00000-180.00000  34.396297      38.202766    
-180.00000 -40.00000-170.00000  60.630764      68.202827    
-180.00000 -40.00000-160.00000  95.669655      111.89787    
-180.00000 -40.00000-150.00000  123.29485      157.00880    
-180.00000 -40.00000-140.00000  122.90896      184.84042    
-180.00000 -40.00000-130.00000  94.628281      187.49352    
-180.00000 -40.00000-120.00000  59.294811      166.38120    
-180.00000 -40.00000-110.00000  33.201157      126.02163    
-180.00000 -40.00000-100.00000  18.616932      80.462166    
-180.00000 -40.00000 -90.00000  11.569403      45.173256    
-180.00000 -40.00000 -80.00000  8.3509445      24.506210    
-180.00000 -40.00000 -70.00000  6.9037805      14.630825    
-180.00000 -40.00000 -60.00000  6.3204279      11.076068    
-180.00000 -40.00000 -50.00000  6.3168583      12.043727    
-180.00000 -40.00000 -40.00000  7.0382972      20.344788    
-180.00000 -40.00000 -30.00000  9.2287979      54.183842    
-180.00000 -40.00000 -20.00000  15.030144      223.63106    
-180.00000 -40.00000 -10.00000  30.491508      1302.2218    
-180.00000 -40.00000   0.00000  75.935936      9247.8096    
-180.00000 -40.00000  10.00000  314.40982      134362.81    
-180.00000 -40.00000  20.00000  3914.4541      19127132.    
-180.00000 -40.00000  30.00000  41968.648     2.00000000E+09
-180.00000 -40.00000  40.00000  42740.715     2.00000000E+09
-180.00000 -40.00000  50.00000  4034.8318      20619948.    
-180.00000 -40.00000  60.00000  304.14316      116666.26    
-180.00000 -40.00000  70.00000  66.417366      2982.0554    
-180.00000 -40.00000  80.00000  25.819319      201.83037    
-180.00000 -40.00000  90.00000  12.969168      31.706207    
-180.00000 -40.00000 100.00000  8.4575148      11.932377    
-180.00000 -40.00000 110.00000  6.8751793      8.3880110    
-180.00000 -40.00000 120.00000  6.4030027      7.6729445    
-180.00000 -40.00000 130.00000  6.4854512      7.7685866    
-180.00000 -40.00000 140.00000  7.1005635      8.4414587    
-180.00000 -40.00000 150.00000  8.6273336      10.071352    
-180.00000 -40.00000 160.00000  12.048930      13.729036    
-180.00000 -40.00000 170.00000  19.441053      21.720245    
-180.00000 -30.00000-180.00000  162.76175      166.58070    
-180.00000 -30.00000-170.00000  304.02731      311.61069    
-180.00000 -30.00000-160.00000  452.13672      468.37540    
-180.00000 -30.00000-150.00000  493.41403      527.13794    
-180.00000 -30.00000-140.00000  387.33453      449.27548    
-180.00000 -30.00000-130.00000  229.82370      322.69769    
-180.00000 -30.00000-120.00000  114.16204      221.25618    
-180.00000 -30.00000-110.00000  54.182693      147.00909    
-180.00000 -30.00000-100.00000  28.243946      90.092567    
-180.00000 -30.00000 -90.00000  17.809931      51.414070    
-180.00000 -30.00000 -80.00000  13.632631      29.791538    
-180.00000 -30.00000 -70.00000  11.988235      19.763258    
-180.00000 -30.00000 -60.00000  11.622222      16.685257    
-180.00000 -30.00000 -50.00000  12.508268      19.944534    
-180.00000 -30.00000 -40.00000  15.917874      39.066723    
-180.00000 -30.00000 -30.00000  26.195911      135.57787    
-180.00000 -30.00000 -20.00000  57.166012      772.48822    
-180.00000 -30.00000 -10.00000  156.98224      6435.7456    
-180.00000 -30.00000   0.00000  665.31757      100183.52    
-180.00000 -30.00000  10.00000  13453.580      13431308.    
-180.00000 -30.00000  20.00000  750891.75     2.00000000E+09
-180.00000 -30.00000  30.00000  3044108.8     2.00000000E+09
-180.00000 -30.00000  40.00000  121704.25     8.60856384E+08
-180.00000 -30.00000  50.00000  2585.0493      900480.31    
-180.00000 -30.00000  60.00000  289.66049      12298.102    
-180.00000 -30.00000  70.00000  88.206573      621.26819    
-180.00000 -30.00000  80.00000  35.529507      82.663010    
-180.00000 -30.00000  90.00000  19.022543      25.919266    
-180.00000 -30.00000 100.00000  13.671878      15.680408    
-180.00000 -30.00000 110.00000  11.980276      13.312043    
-180.00000 -30.00000 120.00000  11.734408      13.010138    
-180.00000 -30.00000 130.00000  12.546185      13.858139    
-180.00000 -30.00000 140.00000  15.102508      16.469639    
-180.00000 -30.00000 150.00000  21.715361      23.180492    
-180.00000 -30.00000 160.00000  38.303349      40.000534    
-180.00000 -30.00000 170.00000  78.064598      80.358101    
-180.00000 -20.00000-180.00000  818.68402      822.51373    
-180.00000 -20.00000-170.00000  1378.4680      1386.0614    
-180.00000 -20.00000-160.00000  1627.8389      1644.0870    
-180.00000 -20.00000-150.00000  1297.7725      1331.5054    
-180.00000 -20.00000-140.00000  734.36798      796.31750    
-180.00000 -20.00000-130.00000  330.98242      423.86423    
-180.00000 -20.00000-120.00000  137.39447      244.49477    
-180.00000 -20.00000-110.00000  61.498089      154.32736    
-180.00000 -20.00000-100.00000  33.980129      95.827141    
-180.00000 -20.00000 -90.00000  24.001638      57.600746    
-180.00000 -20.00000 -80.00000  20.317913      36.487858    
-180.00000 -20.00000 -70.00000  19.295420      27.213028    
-180.00000 -20.00000 -60.00000  20.384275      26.343473    
-180.00000 -20.00000 -50.00000  25.567917      38.239658    
-180.00000 -20.00000 -40.00000  42.756451      99.623383    
-180.00000 -20.00000 -30.00000  99.948303      475.96927    
-180.00000 -20.00000 -20.00000  301.48303      3921.0205    
-180.00000 -20.00000 -10.00000  1268.0366      67079.406    
-180.00000 -20.00000   0.00000  28750.736      6643515.5    
-180.00000 -20.00000  10.00000  6725612.0     2.00000000E+09
-180.00000 -20.00000  20.00000 2.59217344E+08 2.00000000E+09
-180.00000 -20.00000  30.00000  2729198.3     2.00000000E+09
-180.00000 -20.00000  40.00000  14868.511      2691997.5    
-180.00000 -20.00000  50.00000  948.96350      27862.844    
-180.00000 -20.00000  60.00000  243.59393      1285.3156    
-180.00000 -20.00000  70.00000  83.253563      168.74052    
-180.00000 -20.00000  80.00000  37.883106      49.348824    
-180.00000 -20.00000  90.00000  24.340298      27.014380    
-180.00000 -20.00000 100.00000  20.199448      21.614714    
-180.00000 -20.00000 110.00000  19.297138      20.566948    
-180.00000 -20.00000 120.00000  20.346975      21.642042    
-180.00000 -20.00000 130.00000  24.443687      25.781895    
-180.00000 -20.00000 140.00000  36.177254      37.566273    
-180.00000 -20.00000 150.00000  68.990646      70.473122    
-180.00000 -20.00000 160.00000  158.41016      160.12146    
-180.00000 -20.00000 170.00000  379.90839      382.21396    
-180.00000 -10.00000-180.00000  2987.0046      2990.8416    
-180.00000 -10.00000-170.00000  3702.8855      3710.4858    
-180.00000 -10.00000-160.00000  2955.9414      2972.1960    
-180.00000 -10.00000-150.00000  1603.1725      1636.9116    
-180.00000 -10.00000-140.00000  672.49536      734.45007    
-180.00000 -10.00000-130.00000  255.30432      348.18964    
-180.00000 -10.00000-120.00000  103.52784      210.62828    
-180.00000 -10.00000-110.00000  52.342289      145.16600    
-180.00000 -10.00000-100.00000  34.977310      96.810928    
-180.00000 -10.00000 -90.00000  28.874269      62.460300    
-180.00000 -10.00000 -80.00000  27.099350      43.321747    
-180.00000 -10.00000 -70.00000  28.385893      36.797146    
-180.00000 -10.00000 -60.00000  35.492722      44.561928    
-180.00000 -10.00000 -50.00000  60.538071      93.381363    
-180.00000 -10.00000 -40.00000  149.65474      366.45639    
-180.00000 -10.00000 -30.00000  486.43927      2706.6733    
-180.00000 -10.00000 -20.00000  2078.6338      48098.395    
-180.00000 -10.00000 -10.00000  44828.152      4066896.5    
-180.00000 -10.00000   0.00000  24650900.     2.00000000E+09
-180.00000 -10.00000  10.00000 2.00000000E+09 2.00000000E+09
-180.00000 -10.00000  20.00000  20692204.     2.00000000E+09
-180.00000 -10.00000  30.00000  40198.031      3526323.0    
-180.00000 -10.00000  40.00000  1982.3300      38041.992    
-180.00000 -10.00000  50.00000  467.79453      1885.6646    
-180.00000 -10.00000  60.00000  144.76808      263.37341    
-180.00000 -10.00000  70.00000  59.622044      75.533775    
-180.00000 -10.00000  80.00000  35.657597      39.042450    
-180.00000 -10.00000  90.00000  28.586599      30.097410    
-180.00000 -10.00000 100.00000  26.922535      28.183727    
-180.00000 -10.00000 110.00000  28.216738      29.492567    
-180.00000 -10.00000 120.00000  34.018303      35.338230    
-180.00000 -10.00000 130.00000  51.696857      53.056084    
-180.00000 -10.00000 140.00000  104.63329      106.03789    
-180.00000 -10.00000 150.00000  261.22729      262.72150    
-180.00000 -10.00000 160.00000  688.74603      690.46674    
-180.00000 -10.00000 170.00000  1633.7241      1636.0377    
-180.00000   0.00000-180.00000  4975.8711      4979.7104    
-180.00000   0.00000-170.00000  3957.4387      3965.0413    
-180.00000   0.00000-160.00000  2105.7388      2121.9954    
-180.00000   0.00000-150.00000  859.10425      892.84436    
-180.00000   0.00000-140.00000  316.04498      377.99896    
-180.00000   0.00000-130.00000  124.03904      216.92009    
-180.00000   0.00000-120.00000  61.001198      168.09131    
-180.00000   0.00000-110.00000  40.166676      132.97128    
-180.00000   0.00000-100.00000  32.983635      94.792175    
-180.00000   0.00000 -90.00000  30.840687      64.437546    
-180.00000   0.00000 -80.00000  32.135521      48.667374    
-180.00000   0.00000 -70.00000  40.016125      50.596519    
-180.00000   0.00000 -60.00000  68.689911      92.309326    
-180.00000   0.00000 -50.00000  173.70984      325.48386    
-180.00000   0.00000 -40.00000  582.28790      2259.5305    
-180.00000   0.00000 -30.00000  2523.9883      41531.715    
-180.00000   0.00000 -20.00000  53091.453      3482177.3    
-180.00000   0.00000 -10.00000  38452104.     2.00000000E+09
-180.00000   0.00000   0.00000 2.00000000E+09 2.00000000E+09
-180.00000   0.00000  10.00000  38454228.     2.00000000E+09
-180.00000   0.00000  20.00000  53093.863      3482310.3    
-180.00000   0.00000  30.00000  2524.9673      41533.656    
-180.00000   0.00000  40.00000  583.48376      2260.4727    
-180.00000   0.00000  50.00000  175.01532      325.91998    
-180.00000   0.00000  60.00000  69.905701      91.133202    
-180.00000   0.00000  70.00000  40.897236      45.320324    
-180.00000   0.00000  80.00000  32.445770      34.159264    
-180.00000   0.00000  90.00000  30.413588      31.696150    
-180.00000   0.00000 100.00000  31.781343      33.042374    
-180.00000   0.00000 110.00000  38.323292      39.625202    
-180.00000   0.00000 120.00000  58.814461      60.154964    
-180.00000   0.00000 130.00000  121.87503      123.24745    
-180.00000   0.00000 140.00000  314.19952      315.61234    
-180.00000   0.00000 150.00000  857.72662      859.22614    
-180.00000   0.00000 160.00000  2104.8523      2106.5767    
-180.00000   0.00000 170.00000  3957.0051      3959.3218    
-180.00000  10.00000-180.00000  2987.0432      2990.8804    
-180.00000  10.00000-170.00000  1634.1765      1641.7760    
-180.00000  10.00000-160.00000  689.65118      705.90405    
-180.00000  10.00000-150.00000  262.62335      296.35809    
-180.00000  10.00000-140.00000  106.49744      168.44319    
-180.00000  10.00000-130.00000  53.880306      146.74834    
-180.00000  10.00000-120.00000  36.224621      143.29407    
-180.00000  10.00000-110.00000  30.079762      122.85834    
-180.00000  10.00000-100.00000  28.144503      89.953270    
-180.00000  10.00000 -90.00000  29.033382      62.858498    
-180.00000  10.00000 -80.00000  35.367035      53.570229    
-180.00000  10.00000 -70.00000  58.760494      80.829346    
-180.00000  10.00000 -60.00000  143.57178      264.56778    
-180.00000  10.00000 -50.00000  466.50708      1885.2207    
-180.00000  10.00000 -40.00000  1981.1445      38040.199    
-180.00000  10.00000 -30.00000  40196.090      3526191.0    
-180.00000  10.00000 -20.00000  20691306.     2.00000000E+09
-180.00000  10.00000 -10.00000 2.00000000E+09 2.00000000E+09
-180.00000  10.00000   0.00000  24652240.     2.00000000E+09
-180.00000  10.00000  10.00000  44830.031      4067046.3    
-180.00000  10.00000  20.00000  2079.3252      48100.160    
-180.00000  10.00000  30.00000  487.41104      2707.6086    
-180.00000  10.00000  40.00000  150.86658      367.38452    
-180.00000  10.00000  50.00000  61.862488      93.834702    
-180.00000  10.00000  60.00000  36.727959      43.405052    
-180.00000  10.00000  70.00000  29.286659      31.540590    
-180.00000  10.00000  80.00000  27.429274      28.833302    
-180.00000  10.00000  90.00000  28.466848      29.738586    
-180.00000  10.00000 100.00000  33.794685      35.080734    
-180.00000  10.00000 110.00000  50.518604      51.839466    
-180.00000  10.00000 120.00000  101.36085      102.71147    
-180.00000  10.00000 130.00000  253.15964      254.53619    
-180.00000  10.00000 140.00000  670.66925      672.08276    
-180.00000  10.00000 150.00000  1601.8191      1603.3175    
-180.00000  10.00000 160.00000  2955.0884      2956.8108    
-180.00000  10.00000 170.00000  3702.4976      3704.8118    
-180.00000  20.00000-180.00000  818.75775      822.58746    
-180.00000  20.00000-170.00000  380.40021      387.99176    
-180.00000  20.00000-160.00000  159.35756      175.60107    
-180.00000  20.00000-150.00000  70.430275      104.15333    
-180.00000  20.00000-140.00000  38.086376      100.01659    
-180.00000  20.00000-130.00000  26.672474      119.51965    
-180.00000  20.00000-120.00000  22.598745      129.64357    
-180.00000  20.00000-110.00000  21.205637      113.97830    
-180.00000  20.00000-100.00000  21.466911      83.429779    
-180.00000  20.00000 -90.00000  24.832560      59.820961    
-180.00000  20.00000 -80.00000  37.638073      63.922066    
-180.00000  20.00000 -70.00000  82.437553      174.08055    
-180.00000  20.00000 -60.00000  242.44301      1286.5380    
-180.00000  20.00000 -50.00000  947.71942      27861.826    
-180.00000  20.00000 -40.00000  14867.067      2691899.8    
-180.00000  20.00000 -30.00000  2729155.3     2.00000000E+09
-180.00000  20.00000 -20.00000 2.59223152E+08 2.00000000E+09
-180.00000  20.00000 -10.00000  6725967.5     2.00000000E+09
-180.00000  20.00000   0.00000  28751.836      6643755.5    
-180.00000  20.00000  10.00000  1268.4431      67081.352    
-180.00000  20.00000  20.00000  302.19318      3921.7759    
-180.00000  20.00000  30.00000  100.96130      476.91357    
-180.00000  20.00000  40.00000  44.012886      100.59408    
-180.00000  20.00000  50.00000  26.937576      38.738056    
-180.00000  20.00000  60.00000  21.664928      25.231989    
-180.00000  20.00000  70.00000  20.241657      22.001947    
-180.00000  20.00000  80.00000  20.693321      22.044912    
-180.00000  20.00000  90.00000  23.639709      24.924488    
-180.00000  20.00000 100.00000  32.843044      34.142426    
-180.00000  20.00000 110.00000  59.719997      61.046638    
-180.00000  20.00000 120.00000  135.27332      136.62392    
-180.00000  20.00000 130.00000  328.88470      330.25787    
-180.00000  20.00000 140.00000  732.59210      734.00043    
-180.00000  20.00000 150.00000  1296.4683      1297.9606    
-180.00000  20.00000 160.00000  1627.0333      1628.7494    
-180.00000  20.00000 170.00000  1378.1206      1380.4280    
-180.00000  30.00000-180.00000  162.93852      166.75748    
-180.00000  30.00000-170.00000  78.663643      86.243103    
-180.00000  30.00000-160.00000  39.359409      55.588783    
-180.00000  30.00000-150.00000  23.264488      56.970253    
-180.00000  30.00000-140.00000  17.121351      79.029655    
-180.00000  30.00000-130.00000  14.884763      107.70553    
-180.00000  30.00000-120.00000  14.096000      121.12157    
-180.00000  30.00000-110.00000  13.998612      106.83323    
-180.00000  30.00000-100.00000  15.049173      77.605293    
-180.00000  30.00000 -90.00000  19.624666      58.835636    
-180.00000  30.00000 -80.00000  35.394306      97.345642    
-180.00000  30.00000 -70.00000  87.500618      626.71124    
-180.00000  30.00000 -60.00000  288.62033      12299.237    
-180.00000  30.00000 -50.00000  2583.8936      900454.63    
-180.00000  30.00000 -40.00000  121703.16     8.60822784E+08
-180.00000  30.00000 -30.00000  3044164.3     2.00000000E+09
-180.00000  30.00000 -20.00000  750925.44     2.00000000E+09
-180.00000  30.00000 -10.00000  13453.896      13431882.    
-180.00000  30.00000   0.00000  665.50519      100186.09    
-180.00000  30.00000  10.00000  157.47949      6436.3481    
-180.00000  30.00000  20.00000  57.983082      773.30768    
-180.00000  30.00000  30.00000  27.318007      136.62735    
-180.00000  30.00000  40.00000  17.283974      40.146870    
-180.00000  30.00000  50.00000  13.987707      20.552673    
-180.00000  30.00000  60.00000  13.012701      15.683586    
-180.00000  30.00000  70.00000  13.044307      14.662013    
-180.00000  30.00000  80.00000  14.117876      15.458455    
-180.00000  30.00000  90.00000  17.557856      18.847746    
-180.00000  30.00000 100.00000  27.216755      28.517857    
-180.00000  30.00000 110.00000  52.514469      53.838226    
-180.00000  30.00000 120.00000  112.15083      113.49549    
-180.00000  30.00000 130.00000  227.83611      229.20160    
-180.00000  30.00000 140.00000  385.66806      387.06781    
-180.00000  30.00000 150.00000  492.21942      493.70273    
-180.00000  30.00000 160.00000  451.43527      453.14178    
-180.00000  30.00000 170.00000  303.78210      306.07950    
-180.00000  40.00000-180.00000  34.816025      38.622494    
-180.00000  40.00000-170.00000  20.283976      27.849142    
-180.00000  40.00000-160.00000  13.349218      29.561554    
-180.00000  40.00000-150.00000  10.420809      44.105389    
-180.00000  40.00000-140.00000  9.3637991      71.246002    
-180.00000  40.00000-130.00000  9.0684385      101.86044    
-180.00000  40.00000-120.00000  9.0090103      116.02882    
-180.00000  40.00000-110.00000  9.1379280      102.15360    
-180.00000  40.00000-100.00000  10.079233      74.101707    
-180.00000  40.00000 -90.00000  13.815739      64.867035    
-180.00000  40.00000 -80.00000  25.928595      216.75616    
-180.00000  40.00000 -70.00000  65.955902      2987.7153    
-180.00000  40.00000 -60.00000  303.34680      116666.06    
-180.00000  40.00000 -50.00000  4033.9485      20619596.    
-180.00000  40.00000 -40.00000  42740.758     2.00000000E+09
-180.00000  40.00000 -30.00000  41969.477     2.00000000E+09
-180.00000  40.00000 -20.00000  3914.3550      19128054.    
-180.00000  40.00000 -10.00000  314.51495      134366.33    
-180.00000  40.00000   0.00000  76.356316      9248.3809    
-180.00000  40.00000  10.00000  31.231457      1302.9832    
-180.00000  40.00000  20.00000  16.091196      224.68814    
-180.00000  40.00000  30.00000  10.595189      55.477077    
-180.00000  40.00000  40.00000  8.6487694      21.669222    
-180.00000  40.00000  50.00000  8.0406990      12.896253    
-180.00000  40.00000  60.00000  7.9553194      10.318809    
-180.00000  40.00000  70.00000  8.2042694      9.7739964    
-180.00000  40.00000  80.00000  9.0806103      10.417530    
-180.00000  40.00000  90.00000  11.561768      12.851292    
-180.00000  40.00000 100.00000  17.834160      19.131889    
-180.00000  40.00000 110.00000  31.777494      33.095116    
-180.00000  40.00000 120.00000  57.527977      58.864765    
-180.00000  40.00000 130.00000  92.884827      94.241432    
-180.00000  40.00000 140.00000  121.48576      122.87605    
-180.00000  40.00000 150.00000  122.34148      123.81481    
-180.00000  40.00000 160.00000  95.209206      96.905212    
-180.00000  40.00000 170.00000  60.627453      62.913567    
-180.00000  50.00000-180.00000  10.613024      14.406984    
-180.00000  50.00000-170.00000  7.9865670      15.537097    
-180.00000  50.00000-160.00000  6.7409534      22.935482    
-180.00000  50.00000-150.00000  6.3226213      39.985020    
-180.00000  50.00000-140.00000  6.3290839      68.183578    
-180.00000  50.00000-130.00000  6.4604831      99.223686    
-180.00000  50.00000-120.00000  6.5238872      113.55192    
-180.00000  50.00000-110.00000  6.5430722      99.857765    
-180.00000  50.00000-100.00000  6.9365306      73.417992    
-180.00000  50.00000 -90.00000  8.8212404      82.004715    
-180.00000  50.00000 -80.00000  15.079550      484.99658    
-180.00000  50.00000 -70.00000  38.328690      8874.1162    
-180.00000  50.00000 -60.00000  181.86064      353497.41    
-180.00000  50.00000 -50.00000  1004.3875      22274862.    
-180.00000  50.00000 -40.00000  1852.8916     1.45323968E+08
-180.00000  50.00000 -30.00000  677.23376      7563109.5    
-180.00000  50.00000 -20.00000  121.98981      132088.33    
-180.00000  50.00000 -10.00000  35.810432      9550.4883    
-180.00000  50.00000   0.00000  16.895882      1809.9905    
-180.00000  50.00000  10.00000  9.8431635      364.59613    
-180.00000  50.00000  20.00000  6.9610920      89.809128    
-180.00000  50.00000  30.00000  5.8484659      31.411848    
-180.00000  50.00000  40.00000  5.4989896      15.181012    
-180.00000  50.00000  50.00000  5.4550400      9.6925936    
-180.00000  50.00000  60.00000  5.5140586      7.7668591    
-180.00000  50.00000  70.00000  5.6572886      7.2115641    
-180.00000  50.00000  80.00000  6.0722737      7.4079609    
-180.00000  50.00000  90.00000  7.2180634      8.5055542    
-180.00000  50.00000 100.00000  9.8576164      11.150808    
-180.00000  50.00000 110.00000  14.795326      16.106546    
-180.00000  50.00000 120.00000  21.899113      23.228331    
-180.00000  50.00000 130.00000  28.797020      30.145325    
-180.00000  50.00000 140.00000  31.566490      32.947918    
-180.00000  50.00000 150.00000  28.433390      29.897320    
-180.00000  50.00000 160.00000  21.767599      23.453514    
-180.00000  50.00000 170.00000  15.214700      17.489752    
-180.00000  60.00000-180.00000  5.8912807      9.6739550    
-180.00000  60.00000-170.00000  5.4672165      13.004392    
-180.00000  60.00000-160.00000  5.3686256      21.546801    
-180.00000  60.00000-150.00000  5.5089130      39.150818    
-180.00000  60.00000-140.00000  5.7702160      67.599274    
-180.00000  60.00000-130.00000  5.9986749      98.735802    
-180.00000  60.00000-120.00000  6.0537128      113.08983    
-180.00000  60.00000-110.00000  5.9212246      99.513855    
-180.00000  60.00000-100.00000  5.8186226      74.527786    
-180.00000  60.00000 -90.00000  6.2654867      97.727997    
-180.00000  60.00000 -80.00000  8.4544621      645.15955    
-180.00000  60.00000 -70.00000  16.832279      9197.2891    
-180.00000  60.00000 -60.00000  47.134232      150954.61    
-180.00000  60.00000 -50.00000  98.576370      1031805.5    
-180.00000  60.00000 -40.00000  85.407478      673149.13    
-180.00000  60.00000 -30.00000  36.665939      64875.707    
-180.00000  60.00000 -20.00000  16.379988      6683.1895    
-180.00000  60.00000 -10.00000  9.9137268      1749.2577    
-180.00000  60.00000   0.00000  7.0564518      485.69260    
-180.00000  60.00000  10.00000  5.6959357      138.78294    
-180.00000  60.00000  20.00000  5.1149330      51.062202    
-180.00000  60.00000  30.00000  4.9368219      23.981733    
-180.00000  60.00000  40.00000  4.9530196      13.412946    
-180.00000  60.00000  50.00000  5.0280132      9.0365429    
-180.00000  60.00000  60.00000  5.0780849      7.2936549    
-180.00000  60.00000  70.00000  5.0912275      6.6421008    
-180.00000  60.00000  80.00000  5.1500835      6.4853773    
-180.00000  60.00000  90.00000  5.4295111      6.7146668    
-180.00000  60.00000 100.00000  6.1375704      7.4264822    
-180.00000  60.00000 110.00000  7.3580341      8.6636305    
-180.00000  60.00000 120.00000  8.8267479      10.149487    
-180.00000  60.00000 130.00000  9.9027109      11.243953    
-180.00000  60.00000 140.00000  10.004862      11.378716    
-180.00000  60.00000 150.00000  9.1471319      10.602935    
-180.00000  60.00000 160.00000  7.8669496      9.5440054    
-180.00000  60.00000 170.00000  6.6996803      8.9648685    
-180.00000  70.00000-180.00000  6.3577356      10.130918    
-180.00000  70.00000-170.00000  6.4169555      13.942971    
-180.00000  70.00000-160.00000  6.5967398      22.761364    
-180.00000  70.00000-150.00000  6.8847613      40.509964    
-180.00000  70.00000-140.00000  7.2168374      69.025230    
-180.00000  70.00000-130.00000  7.4692688      100.18307    
-180.00000  70.00000-120.00000  7.5064068      114.52769    
-180.00000  70.00000-110.00000  7.2824798      100.90855    
-180.00000  70.00000-100.00000  6.9121842      75.570221    
-180.00000  70.00000 -90.00000  6.6530252      90.505234    
-180.00000  70.00000 -80.00000  6.9194407      424.77814    
-180.00000  70.00000 -70.00000  8.4817533      3225.2112    
-180.00000  70.00000 -60.00000  11.832284      17171.787    
-180.00000  70.00000 -50.00000  13.927966      30739.576    
-180.00000  70.00000 -40.00000  11.823689      13458.800    
-180.00000  70.00000 -30.00000  9.1359949      3054.2712    
-180.00000  70.00000 -20.00000  7.7269468      1099.5408    
-180.00000  70.00000 -10.00000  6.9576058      463.51306    
-180.00000  70.00000   0.00000  6.5170708      177.02663    
-180.00000  70.00000  10.00000  6.3134599      76.646950    
-180.00000  70.00000  20.00000  6.2668290      40.060146    
-180.00000  70.00000  30.00000  6.3218484      22.999763    
-180.00000  70.00000  40.00000  6.4278746      14.435900    
-180.00000  70.00000  50.00000  6.5225244      10.454851    
-180.00000  70.00000  60.00000  6.5481329      8.7556763    
-180.00000  70.00000  70.00000  6.4837079      8.0352850    
-180.00000  70.00000  80.00000  6.3641062      7.6989326    
-180.00000  70.00000  90.00000  6.2683625      7.5511088    
-180.00000  70.00000 100.00000  6.2771268      7.5622177    
-180.00000  70.00000 110.00000  6.4156661      7.7165384    
-180.00000  70.00000 120.00000  6.6194544      7.9368610    
-180.00000  70.00000 130.00000  6.7688279      8.1042700    
-180.00000  70.00000 140.00000  6.7827621      8.1503735    
-180.00000  70.00000 150.00000  6.6763763      8.1254311    
-180.00000  70.00000 160.00000  6.5256562      8.1953230    
-180.00000  70.00000 170.00000  6.4037218      8.6606445    
-180.00000  80.00000-180.00000  10.039757      13.805391    
-180.00000  80.00000-170.00000  10.224828      17.742155    
-180.00000  80.00000-160.00000  10.483507      26.638069    
-180.00000  80.00000-150.00000  10.816394      44.429790    
-180.00000  80.00000-140.00000  11.171730      72.966156    
-180.00000  80.00000-130.00000  11.433558      104.12852    
-180.00000  80.00000-120.00000  11.465836      118.44205    
-180.00000  80.00000-110.00000  11.209115      104.57182    
-180.00000  80.00000-100.00000  10.740765      77.092697    
-180.00000  80.00000 -90.00000  10.232182      70.568291    
-180.00000  80.00000 -80.00000  9.8686790      168.41992    
-180.00000  80.00000 -70.00000  9.7850313      618.16864    
-180.00000  80.00000 -60.00000  9.9194908      1489.2471    
-180.00000  80.00000 -50.00000  9.9733400      1597.4033    
-180.00000  80.00000 -40.00000  9.8843298      867.82104    
-180.00000  80.00000 -30.00000  9.8454456      470.52505    
-180.00000  80.00000 -20.00000  9.8752279      299.58212    
-180.00000  80.00000 -10.00000  9.9267340      169.74779    
-180.00000  80.00000   0.00000  9.9938297      95.634697    
-180.00000  80.00000  10.00000  10.072120      60.327938    
-180.00000  80.00000  20.00000  10.164383      39.625568    
-180.00000  80.00000  30.00000  10.279260      26.112492    
-180.00000  80.00000  40.00000  10.404648      18.288475    
-180.00000  80.00000  50.00000  10.498185      14.427694    
-180.00000  80.00000  60.00000  10.508915      12.722697    
-180.00000  80.00000  70.00000  10.411270      11.964933    
-180.00000  80.00000  80.00000  10.224398      11.558290    
-180.00000  80.00000  90.00000  10.003145      11.283351    
-180.00000  80.00000 100.00000  9.8087835      11.090435    
-180.00000  80.00000 110.00000  9.6803350      10.977201    
-180.00000  80.00000 120.00000  9.6239252      10.936921    
-180.00000  80.00000 130.00000  9.6235142      10.954194    
-180.00000  80.00000 140.00000  9.6599913      11.022488    
-180.00000  80.00000 150.00000  9.7215576      11.165098    
-180.00000  80.00000 160.00000  9.8032827      11.466925    
-180.00000  80.00000 170.00000  9.9060526      12.156272    
-180.00000  90.00000-180.00000  17.491829      21.251673    
-180.00000  90.00000-170.00000  17.713087      25.224148    
-180.00000  90.00000-160.00000  17.995941      34.143829    
-180.00000  90.00000-150.00000  18.343807      51.950344    
-180.00000  90.00000-140.00000  18.708794      80.496071    
-180.00000  90.00000-130.00000  18.977692      111.66063    
-180.00000  90.00000-120.00000  19.014580      125.93591    
-180.00000  90.00000-110.00000  18.755836      111.75537    
-180.00000  90.00000-100.00000  18.268044      82.128410    
-180.00000  90.00000 -90.00000  17.700464      61.062389    
-180.00000  90.00000 -80.00000  17.195335      69.313866    
-180.00000  90.00000 -70.00000  16.836508      120.07366    
-180.00000  90.00000 -60.00000  16.640602      179.79842    
-180.00000  90.00000 -50.00000  16.586329      182.61090    
-180.00000  90.00000 -40.00000  16.654486      157.44481    
-180.00000  90.00000 -30.00000  16.816658      143.32924    
-180.00000  90.00000 -20.00000  17.025818      121.70261    
-180.00000  90.00000 -10.00000  17.239717      95.582130    
-180.00000  90.00000   0.00000  17.427530      76.503716    
-180.00000  90.00000  10.00000  17.576557      60.816559    
-180.00000  90.00000  20.00000  17.702152      45.686874    
-180.00000  90.00000  30.00000  17.828440      33.537136    
-180.00000  90.00000  40.00000  17.954517      25.925117    
-180.00000  90.00000  50.00000  18.044260      22.028341    
-180.00000  90.00000  60.00000  18.048676      20.280313    
-180.00000  90.00000  70.00000  17.940512      19.497271    
-180.00000  90.00000  80.00000  17.734287      19.066832    
-180.00000  90.00000  90.00000  17.479084      18.756622    
-180.00000  90.00000 100.00000  17.233562      18.512018    
-180.00000  90.00000 110.00000  17.042810      18.336157    
-180.00000  90.00000 120.00000  16.929174      18.238401    
-180.00000  90.00000 130.00000  16.895432      18.222099    
-180.00000  90.00000 140.00000  16.932280      18.290520    
-180.00000  90.00000 150.00000  17.024275      18.463259    
-180.00000  90.00000 160.00000  17.154503      18.813236    
-180.00000  90.00000 170.00000  17.310558      19.555471    
-180.00000 100.00000-180.00000  28.920458      32.675987    
-180.00000 100.00000-170.00000  29.151772      36.658611    
-180.00000 100.00000-160.00000  29.441864      45.586140    
-180.00000 100.00000-150.00000  29.795174      63.399391    
-180.00000 100.00000-140.00000  30.165421      91.952415    
-180.00000 100.00000-130.00000  30.440754      123.12156    
-180.00000 100.00000-120.00000  30.485664      137.36998    
-180.00000 100.00000-110.00000  30.235584      122.97224    
-180.00000 100.00000-100.00000  29.754236      92.146492    
-180.00000 100.00000 -90.00000  29.185604      65.458435    
-180.00000 100.00000 -80.00000  28.664503      52.707554    
-180.00000 100.00000 -70.00000  28.271606      52.473412    
-180.00000 100.00000 -60.00000  28.036858      57.481098    
-180.00000 100.00000 -50.00000  27.959364      62.904804    
-180.00000 100.00000 -40.00000  28.021147      70.295639    
-180.00000 100.00000 -30.00000  28.190125      77.692604    
-180.00000 100.00000 -20.00000  28.422298      81.051155    
-180.00000 100.00000 -10.00000  28.667248      81.580521    
-180.00000 100.00000   0.00000  28.879650      78.801476    
-180.00000 100.00000  10.00000  29.041079      69.936157    
-180.00000 100.00000  20.00000  29.169436      57.150658    
-180.00000 100.00000  30.00000  29.293589      45.512684    
-180.00000 100.00000  40.00000  29.416313      37.724197    
-180.00000 100.00000  50.00000  29.503363      33.610943    
-180.00000 100.00000  60.00000  29.506123      31.768101    
-180.00000 100.00000  70.00000  29.396559      30.957422    
-180.00000 100.00000  80.00000  29.187551      30.518473    
-180.00000 100.00000  90.00000  28.926317      30.201088    
-180.00000 100.00000 100.00000  28.670444      29.945839    
-180.00000 100.00000 110.00000  28.465881      29.756002    
-180.00000 100.00000 120.00000  28.337883      29.643719    
-180.00000 100.00000 130.00000  28.293028      29.616165    
-180.00000 100.00000 140.00000  28.325014      29.679562    
-180.00000 100.00000 150.00000  28.419504      29.854624    
-180.00000 100.00000 160.00000  28.558529      30.213221    
-180.00000 100.00000 170.00000  28.726847      30.967545    
-180.00000 110.00000-180.00000  41.300667      45.053089    
-180.00000 110.00000-170.00000  41.533890      49.038258    
-180.00000 110.00000-160.00000  41.825787      57.968868    
-180.00000 110.00000-150.00000  42.181370      75.786835    
-180.00000 110.00000-140.00000  42.555214      104.34700    
-180.00000 110.00000-130.00000  42.836189      135.52380    
-180.00000 110.00000-120.00000  42.889137      149.76401    
-180.00000 110.00000-110.00000  42.649239      135.26730    
-180.00000 110.00000-100.00000  42.179226      103.97874    
-180.00000 110.00000 -90.00000  41.621220      75.683182    
-180.00000 110.00000 -80.00000  41.107464      58.803082    
-180.00000 110.00000 -70.00000  40.716465      51.679325    
-180.00000 110.00000 -60.00000  40.477676      50.536964    
-180.00000 110.00000 -50.00000  40.391251      53.323830    
-180.00000 110.00000 -40.00000  40.441799      59.342701    
-180.00000 110.00000 -30.00000  40.601971      67.574364    
-180.00000 110.00000 -20.00000  40.830837      76.862434    
-180.00000 110.00000 -10.00000  41.075542      85.239296    
-180.00000 110.00000   0.00000  41.286503      88.109711    
-180.00000 110.00000  10.00000  41.443829      82.439133    
-180.00000 110.00000  20.00000  41.566765      71.173996    
-180.00000 110.00000  30.00000  41.686096      59.428329    
-180.00000 110.00000  40.00000  41.805752      50.819309    
-180.00000 110.00000  50.00000  41.891701      46.199181    
-180.00000 110.00000  60.00000  41.895023      44.196159    
-180.00000 110.00000  70.00000  41.787121      43.352077    
-180.00000 110.00000  80.00000  41.580090      42.909050    
-180.00000 110.00000  90.00000  41.320183      42.592087    
-180.00000 110.00000 100.00000  41.064140      42.336487    
-180.00000 110.00000 110.00000  40.857491      42.144455    
-180.00000 110.00000 120.00000  40.725750      42.028351    
-180.00000 110.00000 130.00000  40.676411      41.996239    
-180.00000 110.00000 140.00000  40.704430      42.055611    
-180.00000 110.00000 150.00000  40.796619      42.228321    
-180.00000 110.00000 160.00000  40.935413      42.586670    
-180.00000 110.00000 170.00000  41.105076      43.342407    
-180.00000 120.00000-180.00000  47.771851      51.522068    
-180.00000 120.00000-170.00000  48.004673      55.507870    
-180.00000 120.00000-160.00000  48.296806      64.440590    
-180.00000 120.00000-150.00000  48.653629      82.262962    
-180.00000 120.00000-140.00000  49.030228      110.83076    
-180.00000 120.00000-130.00000  49.315880      142.01740    
-180.00000 120.00000-120.00000  49.375626      156.26302    
-180.00000 120.00000-110.00000  49.144417      141.73984    
-180.00000 120.00000-100.00000  48.684418      110.31782    
-180.00000 120.00000 -90.00000  48.136635      81.630112    
-180.00000 120.00000 -80.00000  47.631802      63.929855    
-180.00000 120.00000 -70.00000  47.246719      55.576828    
-180.00000 120.00000 -60.00000  47.009521      53.021873    
-180.00000 120.00000 -50.00000  46.920033      54.245220    
-180.00000 120.00000 -40.00000  46.963985      58.735435    
-180.00000 120.00000 -30.00000  47.116215      66.628471    
-180.00000 120.00000 -20.00000  47.337341      77.575592    
-180.00000 120.00000 -10.00000  47.574440      88.707779    
-180.00000 120.00000   0.00000  47.777447      94.506638    
-180.00000 120.00000  10.00000  47.927055      91.963242    
-180.00000 120.00000  20.00000  48.043736      82.410187    
-180.00000 120.00000  30.00000  48.159065      69.139931    
-180.00000 120.00000  40.00000  48.277027      58.410149    
-180.00000 120.00000  50.00000  48.363132      52.907265    
-180.00000 120.00000  60.00000  48.367931      50.703445    
-180.00000 120.00000  70.00000  48.262424      49.829014    
-180.00000 120.00000  80.00000  48.058254      49.384628    
-180.00000 120.00000  90.00000  47.801083      49.069885    
-180.00000 120.00000 100.00000  47.547024      48.816139    
-180.00000 120.00000 110.00000  47.341118      48.624794    
-180.00000 120.00000 120.00000  47.208672      48.507965    
-180.00000 120.00000 130.00000  47.157391      48.473907    
-180.00000 120.00000 140.00000  47.182793      48.530708    
-180.00000 120.00000 150.00000  47.272346      48.700871    
-180.00000 120.00000 160.00000  47.409000      49.057209    
-180.00000 120.00000 170.00000  47.577171      49.811741    
-180.00000 130.00000-180.00000  43.569500      47.318214    
-180.00000 130.00000-170.00000  43.801662      51.304699    
-180.00000 130.00000-160.00000  44.093784      60.239609    
-180.00000 130.00000-150.00000  44.451469      78.066460    
-180.00000 130.00000-140.00000  44.830173      106.64156    
-180.00000 130.00000-130.00000  45.119507      137.83882    
-180.00000 130.00000-120.00000  45.184536      152.09509    
-180.00000 130.00000-110.00000  44.960022      137.57545    
-180.00000 130.00000-100.00000  44.507603      106.12937    
-180.00000 130.00000 -90.00000  43.967567      77.357857    
-180.00000 130.00000 -80.00000  43.469673      59.476608    
-180.00000 130.00000 -70.00000  43.089638      50.813526    
-180.00000 130.00000 -60.00000  42.854671      47.779385    
-180.00000 130.00000 -50.00000  42.764137      48.331203    
-180.00000 130.00000 -40.00000  42.804005      52.135273    
-180.00000 130.00000 -30.00000  42.949902      59.797222    
-180.00000 130.00000 -20.00000  43.163292      71.353676    
-180.00000 130.00000 -10.00000  43.391914      84.145836    
-180.00000 130.00000   0.00000  43.586674      93.638329    
-180.00000 130.00000  10.00000  43.729622      97.043022    
-180.00000 130.00000  20.00000  43.841789      88.971069    
-180.00000 130.00000  30.00000  43.954597      70.205482    
-180.00000 130.00000  40.00000  44.071941      55.443790    
-180.00000 130.00000  50.00000  44.158775      48.870781    
-180.00000 130.00000  60.00000  44.165150      46.511726    
-180.00000 130.00000  70.00000  44.061848      45.625324    
-180.00000 130.00000  80.00000  43.860229      45.183025    
-180.00000 130.00000  90.00000  43.605576      44.870770    
-180.00000 130.00000 100.00000  43.353561      44.618988    
-180.00000 130.00000 110.00000  43.148857      44.428814    
-180.00000 130.00000 120.00000  43.016529      44.312172    
-180.00000 130.00000 130.00000  42.964283      44.277279    
-180.00000 130.00000 140.00000  42.987885      44.332436    
-180.00000 130.00000 150.00000  43.075230      44.500603    
-180.00000 130.00000 160.00000  43.209702      44.855091    
-180.00000 130.00000 170.00000  43.376072      45.608322    
-180.00000 140.00000-180.00000  31.905502      35.653217    
-180.00000 140.00000-170.00000  32.137417      39.641006    
-180.00000 140.00000-160.00000  32.429539      48.578262    
-180.00000 140.00000-150.00000  32.787727      66.409088    
-180.00000 140.00000-140.00000  33.167881      94.990631    
-180.00000 140.00000-130.00000  33.459919      126.19730    
-180.00000 140.00000-120.00000  33.528893      140.46515    
-180.00000 140.00000-110.00000  33.309265      125.95663    
-180.00000 140.00000-100.00000  32.862263      94.515434    
-180.00000 140.00000 -90.00000  32.327660      65.732483    
-180.00000 140.00000 -80.00000  31.834591      47.808105    
-180.00000 140.00000 -70.00000  31.458105      39.046791    
-180.00000 140.00000 -60.00000  31.224773      35.829693    
-180.00000 140.00000 -50.00000  31.133532      36.106018    
-180.00000 140.00000 -40.00000  31.170286      39.623878    
-180.00000 140.00000 -30.00000  31.310974      47.209705    
-180.00000 140.00000 -20.00000  31.517689      59.333248    
-180.00000 140.00000 -10.00000  31.739225      74.741837    
-180.00000 140.00000   0.00000  31.928265      92.617722    
-180.00000 140.00000  10.00000  32.067848      107.87083    
-180.00000 140.00000  20.00000  32.177418      95.965210    
-180.00000 140.00000  30.00000  32.288189      64.209465    
-180.00000 140.00000  40.00000  32.405041      44.448597    
-180.00000 140.00000  50.00000  32.492409      37.198704    
-180.00000 140.00000  60.00000  32.499916      34.825775    
-180.00000 140.00000  70.00000  32.398235      33.953468    
-180.00000 140.00000  80.00000  32.198521      33.516369    
-180.00000 140.00000  90.00000  31.945751      33.206387    
-180.00000 140.00000 100.00000  31.695311      32.956150    
-180.00000 140.00000 110.00000  31.491583      32.767059    
-180.00000 140.00000 120.00000  31.359451      32.650810    
-180.00000 140.00000 130.00000  31.306568      32.615566    
-180.00000 140.00000 140.00000  31.328852      32.669739    
-180.00000 140.00000 150.00000  31.414536      32.836651    
-180.00000 140.00000 160.00000  31.547438      33.190094    
-180.00000 140.00000 170.00000  31.712681      33.942905    
-180.00000 150.00000-180.00000  19.862440      23.609520    
-180.00000 150.00000-170.00000  20.094431      27.599089    
-180.00000 150.00000-160.00000  20.386345      36.538506    
-180.00000 150.00000-150.00000  20.744503      54.372459    
-180.00000 150.00000-140.00000  21.125484      82.959435    
-180.00000 150.00000-130.00000  21.419441      114.17361    
-180.00000 150.00000-120.00000  21.491257      128.45131    
-180.00000 150.00000-110.00000  21.275074      113.95349    
-180.00000 150.00000-100.00000  20.831779      82.522087    
-180.00000 150.00000 -90.00000  20.300787      53.743362    
-180.00000 150.00000 -80.00000  19.810841      35.810177    
-180.00000 150.00000 -70.00000  19.436525      27.015141    
-180.00000 150.00000 -60.00000  19.203976      23.725348    
-180.00000 150.00000 -50.00000  19.111811      23.888205    
-180.00000 150.00000 -40.00000  19.145847      27.300926    
-180.00000 150.00000 -30.00000  19.282293      34.999561    
-180.00000 150.00000 -20.00000  19.483961      48.374599    
-180.00000 150.00000 -10.00000  19.701324      70.179138    
-180.00000 150.00000   0.00000  19.889317      107.53101    
-180.00000 150.00000  10.00000  20.029051      138.05020    
-180.00000 150.00000  20.00000  20.135668      104.59312    
-180.00000 150.00000  30.00000  20.243490      54.501114    
-180.00000 150.00000  40.00000  20.359354      32.013767    
-180.00000 150.00000  50.00000  20.446602      24.975454    
-180.00000 150.00000  60.00000  20.454571      22.737740    
-180.00000 150.00000  70.00000  20.353836      21.897278    
-180.00000 150.00000  80.00000  20.155321      21.466446    
-180.00000 150.00000  90.00000  19.903772      21.158237    
-180.00000 150.00000 100.00000  19.654352      20.909182    
-180.00000 150.00000 110.00000  19.451233      20.721020    
-180.00000 150.00000 120.00000  19.319162      20.605295    
-180.00000 150.00000 130.00000  19.265770      20.570065    
-180.00000 150.00000 140.00000  19.287136      20.623890    
-180.00000 150.00000 150.00000  19.371862      20.790461    
-180.00000 150.00000 160.00000  19.504169      21.144041    
-180.00000 150.00000 170.00000  19.669355      21.897718    
-180.00000 160.00000-180.00000  11.380611      15.127312    
-180.00000 160.00000-170.00000  11.612467      19.118454    
-180.00000 160.00000-160.00000  11.903655      28.059376    
-180.00000 160.00000-150.00000  12.261389      45.895882    
-180.00000 160.00000-140.00000  12.642855      74.486984    
-180.00000 160.00000-130.00000  12.938249      105.70704    
-180.00000 160.00000-120.00000  13.012119      119.99258    
-180.00000 160.00000-110.00000  12.798282      105.50317    
-180.00000 160.00000-100.00000  12.357386      74.080078    
-180.00000 160.00000 -90.00000  11.828633      45.307549    
-180.00000 160.00000 -80.00000  11.340499      27.374653    
-180.00000 160.00000 -70.00000  10.967273      18.568233    
-180.00000 160.00000 -60.00000  10.734777      15.249251    
-180.00000 160.00000 -50.00000  10.641442      15.369846    
-180.00000 160.00000 -40.00000  10.673132      18.793074    
-180.00000 160.00000 -30.00000  10.806451      26.954201    
-180.00000 160.00000 -20.00000  11.005323      43.508934    
-180.00000 160.00000 -10.00000  11.222861      80.614510    
-180.00000 160.00000   0.00000  11.414990      152.75594    
-180.00000 160.00000  10.00000  11.554649      180.20825    
-180.00000 160.00000  20.00000  11.655371      103.58997    
-180.00000 160.00000  30.00000  11.759903      43.028156    
-180.00000 160.00000  40.00000  11.874602      22.371801    
-180.00000 160.00000  50.00000  11.961201      16.246683    
-180.00000 160.00000  60.00000  11.969060      14.205291    
-180.00000 160.00000  70.00000  11.868661      13.398271    
-180.00000 160.00000  80.00000  11.670738      12.972595    
-180.00000 160.00000  90.00000  11.419846      12.665687    
-180.00000 160.00000 100.00000  11.170984      12.417697    
-180.00000 160.00000 110.00000  10.968177      12.230562    
-180.00000 160.00000 120.00000  10.836067      12.115637    
-180.00000 160.00000 130.00000  10.782335      12.080940    
-180.00000 160.00000 140.00000  10.803295      12.135242    
-180.00000 160.00000 150.00000  10.887918      12.302624    
-180.00000 160.00000 160.00000  11.020715      12.657687    
-180.00000 160.00000 170.00000  11.186840      13.413439    
-180.00000 170.00000-180.00000  6.5206394      10.267134    
-180.00000 170.00000-170.00000  6.7517133      14.259257    
-180.00000 170.00000-160.00000  7.0418754      23.201195    
-180.00000 170.00000-150.00000  7.3993130      41.039711    
-180.00000 170.00000-140.00000  7.7814565      69.634491    
-180.00000 170.00000-130.00000  8.0781097      100.85963    
-180.00000 170.00000-120.00000  8.1534510      115.15032    
-180.00000 170.00000-110.00000  7.9411035      100.66715    
-180.00000 170.00000-100.00000  7.5016341      69.250076    
-180.00000 170.00000 -90.00000  6.9741306      40.482647    
-180.00000 170.00000 -80.00000  6.4869037      22.551926    
-180.00000 170.00000 -70.00000  6.1140132      13.741996    
-180.00000 170.00000 -60.00000  5.8811131      10.412773    
-180.00000 170.00000 -50.00000  5.7865686      10.533607    
-180.00000 170.00000 -40.00000  5.8164372      14.104782    
-180.00000 170.00000 -30.00000  5.9478898      23.459732    
-180.00000 170.00000 -20.00000  6.1465855      47.341347    
-180.00000 170.00000 -10.00000  6.3686910      113.70524    
-180.00000 170.00000   0.00000  6.5656753      218.04301    
-180.00000 170.00000  10.00000  6.6996422      195.97049    
-180.00000 170.00000  20.00000  6.7941403      85.858963    
-180.00000 170.00000  30.00000  6.8975329      32.353497    
-180.00000 170.00000  40.00000  7.0114684      16.297205    
-180.00000 170.00000  50.00000  7.0972166      11.176152    
-180.00000 170.00000  60.00000  7.1046004      9.3008699    
-180.00000 170.00000  70.00000  7.0040817      8.5177736    
-180.00000 170.00000  80.00000  6.8062906      8.0952034    
-180.00000 170.00000  90.00000  6.5556793      7.7893968    
-180.00000 170.00000 100.00000  6.3071098      7.5427814    
-180.00000 170.00000 110.00000  6.1044893      7.3571715    
-180.00000 170.00000 120.00000  5.9724178      7.2436810    
-180.00000 170.00000 130.00000  5.9186788      7.2103243    
-180.00000 170.00000 140.00000  5.9398508      7.2661438    
-180.00000 170.00000 150.00000  6.0252113      7.4355416    
-180.00000 170.00000 160.00000  6.1592669      7.7931490    
-180.00000 170.00000 170.00000  6.3265848      8.5514727    
