Ramachandran energy map for proline.                                            
Grid size of 30 degrees used                                                    
*       
  168
-180.00000-150.00000-180.00000  83.081963      85.196350    
-180.00000-150.00000-150.00000  69.023102      79.177528    
-180.00000-150.00000-120.00000  66.884850      112.11086    
-180.00000-150.00000 -90.00000  71.133583      529.21741    
-180.00000-150.00000 -60.00000  89.869820      6299.4209    
-180.00000-150.00000 -30.00000  225.44429      212972.91    
-180.00000-150.00000   0.00000  136.39365      34194.539    
-180.00000-150.00000  30.00000  70.739777      147.91333    
-180.00000-150.00000  60.00000  66.210434      68.648529    
-180.00000-150.00000  90.00000  68.368858      69.422241    
-180.00000-150.00000 120.00000  75.550934      76.724609    
-180.00000-150.00000 150.00000  89.635513      90.932228    
-180.00000-120.00000-180.00000  17.648897      19.934175    
-180.00000-120.00000-150.00000  16.390129      28.654654    
-180.00000-120.00000-120.00000  16.602182      65.410622    
-180.00000-120.00000 -90.00000  17.465025      271.31042    
-180.00000-120.00000 -60.00000  20.938847      1073.2653    
-180.00000-120.00000 -30.00000  29.796293      11099.934    
-180.00000-120.00000   0.00000  19.418037      457.93387    
-180.00000-120.00000  30.00000  16.143497      38.641178    
-180.00000-120.00000  60.00000  16.027420      19.543489    
-180.00000-120.00000  90.00000  16.623091      17.735003    
-180.00000-120.00000 120.00000  18.061573      19.156582    
-180.00000-120.00000 150.00000  19.397524      20.666494    
-180.00000 -90.00000-180.00000  2.8659229      5.5343170    
-180.00000 -90.00000-150.00000  3.1937790      19.862806    
-180.00000 -90.00000-120.00000  3.6276846      65.459419    
-180.00000 -90.00000 -90.00000  3.5330391      226.61398    
-180.00000 -90.00000 -60.00000  2.9245596      247.83406    
-180.00000 -90.00000 -30.00000  2.5910482      163.69368    
-180.00000 -90.00000   0.00000  2.7143927      74.559143    
-180.00000 -90.00000  30.00000  2.7924213      129.29672    
-180.00000 -90.00000  60.00000  2.9083605      163.55438    
-180.00000 -90.00000  90.00000  2.8781595      13.861890    
-180.00000 -90.00000 120.00000  2.7211056      3.8445654    
-180.00000 -90.00000 150.00000  2.6892252      3.9643908    
-180.00000 -60.00000-180.00000  2.5150156      5.5197487    
-180.00000 -60.00000-150.00000  6.7552156      27.256754    
-180.00000 -60.00000-120.00000  6.9492617      74.793831    
-180.00000 -60.00000 -90.00000  2.2926493      73.449028    
-180.00000 -60.00000 -60.00000 0.50051308      48.973618    
-180.00000 -60.00000 -30.00000 0.54739571      26.721540    
-180.00000 -60.00000   0.00000  3.5951414      483.01901    
-180.00000 -60.00000  30.00000  34.040707      64871.430    
-180.00000 -60.00000  60.00000  44.742439      150949.59    
-180.00000 -60.00000  90.00000  2.5056133      61.584763    
-180.00000 -60.00000 120.00000 0.67429829      1.9045286    
-180.00000 -60.00000 150.00000 0.88902473      2.2076111    
-180.00000 -30.00000-180.00000  163.82033      166.73120    
-180.00000 -30.00000-150.00000  494.02072      512.85596    
-180.00000 -30.00000-120.00000  114.39070      173.72079    
-180.00000 -30.00000 -90.00000  18.516998      47.099987    
-180.00000 -30.00000 -60.00000  12.634631      19.583124    
-180.00000 -30.00000 -30.00000  27.258329      136.92911    
-180.00000 -30.00000   0.00000  666.34045      100184.46    
-180.00000 -30.00000  30.00000  3044109.8     2.00000000E+09
-180.00000 -30.00000  60.00000  290.37421      12298.685    
-180.00000 -30.00000  90.00000  19.988689      26.798738    
-180.00000 -30.00000 120.00000  12.895389      14.100188    
-180.00000 -30.00000 150.00000  22.897570      24.261900    
-180.00000   0.00000-180.00000  4981.1748      4983.3198    
-180.00000   0.00000-150.00000  863.64081      873.36792    
-180.00000   0.00000-120.00000  64.911453      95.324173    
-180.00000   0.00000 -90.00000  35.589760      54.387703    
-180.00000   0.00000 -60.00000  74.073738      97.649529    
-180.00000   0.00000 -30.00000  2529.4597      41537.055    
-180.00000   0.00000   0.00000 2.00000000E+09 2.00000000E+09
-180.00000   0.00000  30.00000  2529.8579      41538.371    
-180.00000   0.00000  60.00000  74.543648      95.599052    
-180.00000   0.00000  90.00000  35.479446      36.625957    
-180.00000   0.00000 120.00000  64.276299      65.503372    
-180.00000   0.00000 150.00000  863.25500      864.57910    
-180.00000  30.00000-180.00000  187.04761      188.64900    
-180.00000  30.00000-150.00000  46.377663      50.755981    
-180.00000  30.00000-120.00000  36.340202      48.661194    
-180.00000  30.00000 -90.00000  42.884586      58.973373    
-180.00000  30.00000 -60.00000  312.79031      12322.811    
-180.00000  30.00000 -30.00000  3044188.8     2.00000000E+09
-180.00000  30.00000   0.00000  689.61908      100210.09    
-180.00000  30.00000  30.00000  50.842293      160.15039    
-180.00000  30.00000  60.00000  36.149426      38.681023    
-180.00000  30.00000  90.00000  41.226814      42.324364    
-180.00000  30.00000 120.00000  136.39883      137.58434    
-180.00000  30.00000 150.00000  516.60699      517.86212    
   0.00000-150.00000-180.00000  83.150269      85.252586    
   0.00000-150.00000-150.00000  69.092171      79.238998    
   0.00000-150.00000-120.00000  66.953308      112.17463    
   0.00000-150.00000 -90.00000  71.201897      529.28186    
   0.00000-150.00000 -60.00000  89.939919      6299.4697    
   0.00000-150.00000 -30.00000  225.51691      212971.17    
   0.00000-150.00000   0.00000  136.46870      34194.477    
   0.00000-150.00000  30.00000  70.812607      147.98325    
   0.00000-150.00000  60.00000  66.278099      68.713814    
   0.00000-150.00000  90.00000  68.432587      69.470650    
   0.00000-150.00000 120.00000  75.614342      76.765923    
   0.00000-150.00000 150.00000  89.701279      90.979713    
   0.00000-120.00000-180.00000  17.387875      19.661438    
   0.00000-120.00000-150.00000  16.130497      28.389883    
   0.00000-120.00000-120.00000  16.340475      65.146683    
   0.00000-120.00000 -90.00000  17.201448      271.04816    
   0.00000-120.00000 -60.00000  20.677397      1073.0151    
   0.00000-120.00000 -30.00000  29.540083      11099.797    
   0.00000-120.00000   0.00000  19.163576      457.63260    
   0.00000-120.00000  30.00000  15.882845      38.390110    
   0.00000-120.00000  60.00000  15.755329      19.834871    
   0.00000-120.00000  90.00000  16.342209      17.964323    
   0.00000-120.00000 120.00000  17.783785      18.892660    
   0.00000-120.00000 150.00000  19.129503      20.373503    
   0.00000 -90.00000-180.00000  2.3804913      5.0400829    
   0.00000 -90.00000-150.00000  2.7627487      19.429560    
   0.00000 -90.00000-120.00000  3.2759008      65.107796    
   0.00000 -90.00000 -90.00000  3.1266851      226.21013    
   0.00000 -90.00000 -60.00000  2.4441099      247.36075    
   0.00000 -90.00000 -30.00000  2.1003332      163.20674    
   0.00000 -90.00000   0.00000  2.2335491      73.935219    
   0.00000 -90.00000  30.00000  2.4031715      134.79057    
   0.00000 -90.00000  60.00000  2.8542995      503.45010    
   0.00000 -90.00000  90.00000  2.5452871      69.272491    
   0.00000 -90.00000 120.00000  2.2119799      4.0032377    
   0.00000 -90.00000 150.00000  2.1803751      3.4344921    
   0.00000 -60.00000-180.00000  4.9688072      7.9753609    
   0.00000 -60.00000-150.00000  18.441048      38.947681    
   0.00000 -60.00000-120.00000  26.231813      94.082634    
   0.00000 -60.00000 -90.00000  8.2583199      79.423294    
   0.00000 -60.00000 -60.00000  2.0089321      50.497784    
   0.00000 -60.00000 -30.00000  1.7178812      27.914446    
   0.00000 -60.00000   0.00000  6.8387775      487.53427    
   0.00000 -60.00000  30.00000  91.701248      82735.789    
   0.00000 -60.00000  60.00000  581.75397      7665049.5    
   0.00000 -60.00000  90.00000  14.256113      664.07214    
   0.00000 -60.00000 120.00000  2.2939959      4.6950874    
   0.00000 -60.00000 150.00000  2.0239849      3.3405523    
   0.00000 -30.00000-180.00000  836.94818      839.87628    
   0.00000 -30.00000-150.00000  4772.1348      4790.9893    
   0.00000 -30.00000-120.00000  1098.8584      1158.2073    
   0.00000 -30.00000 -90.00000  84.951080      113.54544    
   0.00000 -30.00000 -60.00000  39.562950      46.503891    
   0.00000 -30.00000 -30.00000  85.441360      198.43607    
   0.00000 -30.00000   0.00000  2334.1907      69937.766    
   0.00000 -30.00000  30.00000 1.66585152E+09 2.00000000E+09
   0.00000 -30.00000  60.00000  4039.4055      135450.06    
   0.00000 -30.00000  90.00000  103.86829      136.89594    
   0.00000 -30.00000 120.00000  39.874794      41.125801    
   0.00000 -30.00000 150.00000  72.703918      74.070015    
   0.00000   0.00000-180.00000  104736.09      104738.25    
   0.00000   0.00000-150.00000  10384.460      10394.191    
   0.00000   0.00000-120.00000  340.73566      371.07721    
   0.00000   0.00000 -90.00000  131.75232      150.05638    
   0.00000   0.00000 -60.00000  404.07010      440.67789    
   0.00000   0.00000 -30.00000  28063.012      76119.406    
   0.00000   0.00000   0.00000 2.00000000E+09 2.00000000E+09
   0.00000   0.00000  30.00000  28063.652      76120.875    
   0.00000   0.00000  60.00000  404.54147      438.62897    
   0.00000   0.00000  90.00000  131.64203      132.29462    
   0.00000   0.00000 120.00000  340.09924      341.25513    
   0.00000   0.00000 150.00000  10384.025      10385.354    
   0.00000  30.00000-180.00000  860.67896      862.29755    
   0.00000  30.00000-150.00000  96.682610      101.06268    
   0.00000  30.00000-120.00000  63.818035      76.185211    
   0.00000  30.00000 -90.00000  127.26241      169.56850    
   0.00000  30.00000 -60.00000  4062.2878      135471.67    
   0.00000  30.00000 -30.00000 1.66590272E+09 2.00000000E+09
   0.00000  30.00000   0.00000  2357.9827      69962.609    
   0.00000  30.00000  30.00000  109.52396      222.15591    
   0.00000  30.00000  60.00000  63.576176      66.100204    
   0.00000  30.00000  90.00000  108.15934      109.26825    
   0.00000  30.00000 120.00000  1121.3656      1122.5697    
   0.00000  30.00000 150.00000  4795.2461      4796.5200    
