Ramachandran energy map for alanine. Grid size of 15 degrees used.              
*
  576
-180.00000-180.00000-180.00000  4.0056129      7.7520490    
-180.00000-180.00000-165.00000  4.3715749      15.366177    
-180.00000-180.00000-150.00000  4.8830862      38.529060    
-180.00000-180.00000-135.00000  5.4347878      83.491386    
-180.00000-180.00000-120.00000  5.6404042      112.65071    
-180.00000-180.00000-105.00000  5.2299328      83.214554    
-180.00000-180.00000 -90.00000  4.4632525      37.994438    
-180.00000-180.00000 -75.00000  3.7731915      14.768753    
-180.00000-180.00000 -60.00000  3.3699923      7.9269376    
-180.00000-180.00000 -45.00000  3.2743580      9.4674110    
-180.00000-180.00000 -30.00000  3.4336281      23.923801    
-180.00000-180.00000 -15.00000  3.7476892      102.65926    
-180.00000-180.00000   0.00000  4.0561953      251.24234    
-180.00000-180.00000  15.00000  4.2288885      103.14469    
-180.00000-180.00000  30.00000  4.3805451      24.797235    
-180.00000-180.00000  45.00000  4.5431905      10.227937    
-180.00000-180.00000  60.00000  4.5854440      6.7502313    
-180.00000-180.00000  75.00000  4.3954477      5.7452126    
-180.00000-180.00000  90.00000  4.0361543      5.2531004    
-180.00000-180.00000 105.00000  3.6789904      4.9087195    
-180.00000-180.00000 120.00000  3.4538445      4.7145343    
-180.00000-180.00000 135.00000  3.4026520      4.7008257    
-180.00000-180.00000 150.00000  3.5090730      4.9144859    
-180.00000-180.00000 165.00000  3.7249942      5.5821552    
-180.00000-165.00000-180.00000  2.3820107      6.1285753    
-180.00000-165.00000-165.00000  2.7477400      13.746012    
-180.00000-165.00000-150.00000  3.2618892      36.915077    
-180.00000-165.00000-135.00000  3.8158081      81.883156    
-180.00000-165.00000-120.00000  4.0223384      111.04762    
-180.00000-165.00000-105.00000  3.6124372      81.616386    
-180.00000-165.00000 -90.00000  2.8463988      36.400974    
-180.00000-165.00000 -75.00000  2.1566191      13.177939    
-180.00000-165.00000 -60.00000  1.7527916      6.3600450    
-180.00000-165.00000 -45.00000  1.6554455      8.4136486    
-180.00000-165.00000 -30.00000  1.8132380      30.341112    
-180.00000-165.00000 -15.00000  2.1284845      140.31906    
-180.00000-165.00000   0.00000  2.4217048      179.15215    
-180.00000-165.00000  15.00000  2.5985339      57.634441    
-180.00000-165.00000  30.00000  2.7557752      19.358568    
-180.00000-165.00000  45.00000  2.9157317      8.3909836    
-180.00000-165.00000  60.00000  2.9553230      5.0847130    
-180.00000-165.00000  75.00000  2.7644622      4.0756550    
-180.00000-165.00000  90.00000  2.4060116      3.5863550    
-180.00000-165.00000 105.00000  2.0506277      3.2511005    
-180.00000-165.00000 120.00000  1.8276465      3.0671196    
-180.00000-165.00000 135.00000  1.7789756      3.0629396    
-180.00000-165.00000 150.00000  1.8877425      3.2846761    
-180.00000-165.00000 165.00000  2.1036990      3.9570429    
-180.00000-150.00000-180.00000  1.7997350      5.5468140    
-180.00000-150.00000-165.00000  2.1671717      13.169024    
-180.00000-150.00000-150.00000  2.6831710      36.342407    
-180.00000-150.00000-135.00000  3.2371149      81.313011    
-180.00000-150.00000-120.00000  3.4430258      110.47921    
-180.00000-150.00000-105.00000  3.0332367      81.049782    
-180.00000-150.00000 -90.00000  2.2681699      35.836964    
-180.00000-150.00000 -75.00000  1.5795947      12.617719    
-180.00000-150.00000 -60.00000  1.1764138      5.8517475    
-180.00000-150.00000 -45.00000  1.0783054      8.6548386    
-180.00000-150.00000 -30.00000  1.2338668      35.564934    
-180.00000-150.00000 -15.00000  1.5404258      110.51785    
-180.00000-150.00000   0.00000  1.8266107      89.468651    
-180.00000-150.00000  15.00000  2.0123994      40.268410    
-180.00000-150.00000  30.00000  2.1665094      17.810236    
-180.00000-150.00000  45.00000  2.3204134      7.8405361    
-180.00000-150.00000  60.00000  2.3567255      4.4859362    
-180.00000-150.00000  75.00000  2.1662548      3.4316576    
-180.00000-150.00000  90.00000  1.8109825      2.9392474    
-180.00000-150.00000 105.00000  1.4601623      2.6185806    
-180.00000-150.00000 120.00000  1.2419807      2.4523602    
-180.00000-150.00000 135.00000  1.1973333      2.4633713    
-180.00000-150.00000 150.00000  1.3077924      2.6951613    
-180.00000-150.00000 165.00000  1.5224707      3.3721707    
-180.00000-135.00000-180.00000  1.5736649      5.3218246    
-180.00000-135.00000-165.00000  1.9410156      12.946387    
-180.00000-135.00000-150.00000  2.4553919      36.119793    
-180.00000-135.00000-135.00000  3.0067983      81.088921    
-180.00000-135.00000-120.00000  3.2111993      110.25448    
-180.00000-135.00000-105.00000  2.8019781      80.826736    
-180.00000-135.00000 -90.00000  2.0392795      35.616642    
-180.00000-135.00000 -75.00000  1.3538462      12.403291    
-180.00000-135.00000 -60.00000 0.95333821      5.6854572    
-180.00000-135.00000 -45.00000 0.85633582      8.7331171    
-180.00000-135.00000 -30.00000  1.0105476      30.331142    
-180.00000-135.00000 -15.00000  1.3106546      62.249603    
-180.00000-135.00000   0.00000  1.5941439      55.620472    
-180.00000-135.00000  15.00000  1.7730652      36.397537    
-180.00000-135.00000  30.00000  1.9149265      18.085461    
-180.00000-135.00000  45.00000  2.0596507      8.1133995    
-180.00000-135.00000  60.00000  2.0929265      4.4175010    
-180.00000-135.00000  75.00000  1.9055957      3.1775854    
-180.00000-135.00000  90.00000  1.5577333      2.6349530    
-180.00000-135.00000 105.00000  1.2160935      2.3224499    
-180.00000-135.00000 120.00000  1.0066649      2.1804404    
-180.00000-135.00000 135.00000 0.96846271      2.2134509    
-180.00000-135.00000 150.00000  1.0817423      2.4591830    
-180.00000-135.00000 165.00000  1.2964916      3.1431823    
-180.00000-120.00000-180.00000  1.4665027      5.2167187    
-180.00000-120.00000-165.00000  1.8310434      12.840242    
-180.00000-120.00000-150.00000  2.3410194      36.010101    
-180.00000-120.00000-135.00000  2.8879282      80.975365    
-180.00000-120.00000-120.00000  3.0898957      110.13894    
-180.00000-120.00000-105.00000  2.6815910      80.712204    
-180.00000-120.00000 -90.00000  1.9228392      35.505932    
-180.00000-120.00000 -75.00000  1.2427733      12.298460    
-180.00000-120.00000 -60.00000 0.84713316      5.5748010    
-180.00000-120.00000 -45.00000 0.75305647      8.0184898    
-180.00000-120.00000 -30.00000 0.90680236      21.961229    
-180.00000-120.00000 -15.00000  1.2007334      41.137417    
-180.00000-120.00000   0.00000  1.4721013      48.201233    
-180.00000-120.00000  15.00000  1.6332690      37.621281    
-180.00000-120.00000  30.00000  1.7577881      21.196487    
-180.00000-120.00000  45.00000  1.8901072      10.533726    
-180.00000-120.00000  60.00000  1.9196275      5.5398011    
-180.00000-120.00000  75.00000  1.7385404      3.4987962    
-180.00000-120.00000  90.00000  1.4041865      2.5833712    
-180.00000-120.00000 105.00000  1.0786304      2.1601720    
-180.00000-120.00000 120.00000 0.88370758      2.0213497    
-180.00000-120.00000 135.00000 0.85578984      2.0794625    
-180.00000-120.00000 150.00000 0.97426558      2.3430066    
-180.00000-120.00000 165.00000  1.1902872      3.0354428    
-180.00000-105.00000-180.00000  1.4080715      5.1619201    
-180.00000-105.00000-165.00000  1.7714489      12.785194    
-180.00000-105.00000-150.00000  2.2778251      35.951828    
-180.00000-105.00000-135.00000  2.8185747      80.910919    
-180.00000-105.00000-120.00000  3.0146441      110.06862    
-180.00000-105.00000-105.00000  2.6042891      80.639763    
-180.00000-105.00000 -90.00000  1.8484296      35.436047    
-180.00000-105.00000 -75.00000  1.1742237      12.231640    
-180.00000-105.00000 -60.00000 0.78401709      5.4572263    
-180.00000-105.00000 -45.00000 0.69208246      7.1950583    
-180.00000-105.00000 -30.00000 0.84233874      17.730053    
-180.00000-105.00000 -15.00000  1.1254400      35.976841    
-180.00000-105.00000   0.00000  1.3811324      49.290035    
-180.00000-105.00000  15.00000  1.5273865      46.644707    
-180.00000-105.00000  30.00000  1.6366228      36.652851    
-180.00000-105.00000  45.00000  1.7502663      24.453722    
-180.00000-105.00000  60.00000  1.7679586      15.237944    
-180.00000-105.00000  75.00000  1.5911032      8.2844086    
-180.00000-105.00000  90.00000  1.2749999      3.7861362    
-180.00000-105.00000 105.00000 0.97329295      2.2313800    
-180.00000-105.00000 120.00000 0.79976845      1.9262422    
-180.00000-105.00000 135.00000 0.78664273      1.9947295    
-180.00000-105.00000 150.00000 0.91283256      2.2766480    
-180.00000-105.00000 165.00000  1.1315434      2.9777935    
-180.00000 -90.00000-180.00000  1.4390844      5.1989264    
-180.00000 -90.00000-165.00000  1.8235295      12.843202    
-180.00000 -90.00000-150.00000  2.3455436      36.025070    
-180.00000 -90.00000-135.00000  2.8853021      80.982948    
-180.00000 -90.00000-120.00000  3.0629945      110.12173    
-180.00000 -90.00000-105.00000  2.6276000      80.667671    
-180.00000 -90.00000 -90.00000  1.8534410      35.445286    
-180.00000 -90.00000 -75.00000  1.1721439      12.229448    
-180.00000 -90.00000 -60.00000 0.78047997      5.4042892    
-180.00000 -90.00000 -45.00000 0.68552989      6.7984700    
-180.00000 -90.00000 -30.00000 0.82877606      16.611073    
-180.00000 -90.00000 -15.00000  1.1066049      36.536770    
-180.00000 -90.00000   0.00000  1.3747867      60.451057    
-180.00000 -90.00000  15.00000  1.5628058      92.514198    
-180.00000 -90.00000  30.00000  1.7108299      128.14998    
-180.00000 -90.00000  45.00000  1.8223723      153.80229    
-180.00000 -90.00000  60.00000  1.8033086      162.56813    
-180.00000 -90.00000  75.00000  1.5646614      64.594322    
-180.00000 -90.00000  90.00000  1.2206199      12.268328    
-180.00000 -90.00000 105.00000 0.92836744      2.9944232    
-180.00000 -90.00000 120.00000 0.77526683      1.9469922    
-180.00000 -90.00000 135.00000 0.77932823      1.9850820    
-180.00000 -90.00000 150.00000 0.91704869      2.2829602    
-180.00000 -90.00000 165.00000  1.1464672      2.9979155    
-180.00000 -75.00000-180.00000  1.8289381      5.5981092    
-180.00000 -75.00000-165.00000  2.3832445      13.411011    
-180.00000 -75.00000-150.00000  3.0908999      36.777676    
-180.00000 -75.00000-135.00000  3.7278948      81.831924    
-180.00000 -75.00000-120.00000  3.8202674      110.88506    
-180.00000 -75.00000-105.00000  3.1694086      81.214767    
-180.00000 -75.00000 -90.00000  2.2018890      35.797672    
-180.00000 -75.00000 -75.00000  1.4169954      12.473958    
-180.00000 -75.00000 -60.00000 0.98380059      5.5851669    
-180.00000 -75.00000 -45.00000 0.87282771      6.9107857    
-180.00000 -75.00000 -30.00000  1.0207025      17.232754    
-180.00000 -75.00000 -15.00000  1.3616046      43.659328    
-180.00000 -75.00000   0.00000  1.8436463      117.44370    
-180.00000 -75.00000  15.00000  2.5084136      385.25418    
-180.00000 -75.00000  30.00000  3.4121485      1068.2775    
-180.00000 -75.00000  45.00000  4.6826229      4823.1113    
-180.00000 -75.00000  60.00000  4.4438791      4993.9678    
-180.00000 -75.00000  75.00000  2.6478679      632.24115    
-180.00000 -75.00000  90.00000  1.6268927      41.642231    
-180.00000 -75.00000 105.00000  1.1539003      4.6215653    
-180.00000 -75.00000 120.00000 0.96858579      2.2206073    
-180.00000 -75.00000 135.00000 0.98126584      2.2021081    
-180.00000 -75.00000 150.00000  1.1437492      2.5217776    
-180.00000 -75.00000 165.00000  1.4273469      3.2896025    
-180.00000 -60.00000-180.00000  3.8876877      7.6703558    
-180.00000 -60.00000-165.00000  5.8897762      16.928673    
-180.00000 -60.00000-150.00000  8.5175333      42.213894    
-180.00000 -60.00000-135.00000  10.120183      88.233025    
-180.00000 -60.00000-120.00000  9.0096960      116.08219    
-180.00000 -60.00000-105.00000  6.2371736      84.288887    
-180.00000 -60.00000 -90.00000  3.8530209      37.452469    
-180.00000 -60.00000 -75.00000  2.4800153      13.536356    
-180.00000 -60.00000 -60.00000  1.8590510      6.4667659    
-180.00000 -60.00000 -45.00000  1.7173294      7.9779243    
-180.00000 -60.00000 -30.00000  1.9863176      21.104740    
-180.00000 -60.00000 -15.00000  2.8523085      78.681053    
-180.00000 -60.00000   0.00000  5.0528488      483.68625    
-180.00000 -60.00000  15.00000  10.874116      3245.2004    
-180.00000 -60.00000  30.00000  35.608883      64873.164    
-180.00000 -60.00000  45.00000  102.73887      1162214.5    
-180.00000 -60.00000  60.00000  46.345867      150951.31    
-180.00000 -60.00000  75.00000  9.8819304      2309.2717    
-180.00000 -60.00000  90.00000  3.8347962      62.983517    
-180.00000 -60.00000 105.00000  2.2874267      5.9991560    
-180.00000 -60.00000 120.00000  1.8635639      3.1499276    
-180.00000 -60.00000 135.00000  1.8630365      3.1149459    
-180.00000 -60.00000 150.00000  2.1313086      3.5325980    
-180.00000 -60.00000 165.00000  2.7319479      4.6114917    
-180.00000 -45.00000-180.00000  17.470150      21.270279    
-180.00000 -45.00000-165.00000  36.220009      47.273396    
-180.00000 -45.00000-150.00000  58.973499      92.682564    
-180.00000 -45.00000-135.00000  60.154675      138.27902    
-180.00000 -45.00000-120.00000  37.780251      144.86275    
-180.00000 -45.00000-105.00000  17.983322      96.042610    
-180.00000 -45.00000 -90.00000  8.8951902      42.498013    
-180.00000 -45.00000 -75.00000  5.6506572      16.708982    
-180.00000 -45.00000 -60.00000  4.6084127      9.2947035    
-180.00000 -45.00000 -45.00000  4.5957913      11.928710    
-180.00000 -45.00000 -30.00000  5.9322600      38.573936    
-180.00000 -45.00000 -15.00000  11.333842      289.21555    
-180.00000 -45.00000   0.00000  32.901108      3890.6790    
-180.00000 -45.00000  15.00000  202.14055      141510.00    
-180.00000 -45.00000  30.00000  4678.4507     2.22993328E+08
-180.00000 -45.00000  45.00000  6081.6636     5.24726080E+08
-180.00000 -45.00000  60.00000  264.41177      253160.25    
-180.00000 -45.00000  75.00000  30.711287      1228.1268    
-180.00000 -45.00000  90.00000  10.033391      38.864082    
-180.00000 -45.00000 105.00000  5.6019177      8.0495453    
-180.00000 -45.00000 120.00000  4.6686101      5.9414015    
-180.00000 -45.00000 135.00000  4.7744875      6.0682282    
-180.00000 -45.00000 150.00000  5.7890482      7.2219157    
-180.00000 -45.00000 165.00000  8.9069967      10.809221    
-180.00000 -30.00000-180.00000  162.76175      166.58070    
-180.00000 -30.00000-165.00000  383.87552      394.94513    
-180.00000 -30.00000-150.00000  493.41403      527.13794    
-180.00000 -30.00000-135.00000  307.30542      385.44318    
-180.00000 -30.00000-120.00000  114.16204      221.25618    
-180.00000 -30.00000-105.00000  38.360157      116.42722    
-180.00000 -30.00000 -90.00000  17.809931      51.414070    
-180.00000 -30.00000 -75.00000  12.608295      23.685472    
-180.00000 -30.00000 -60.00000  11.622222      16.685257    
-180.00000 -30.00000 -45.00000  13.737516      26.017288    
-180.00000 -30.00000 -30.00000  26.195911      135.57787    
-180.00000 -30.00000 -15.00000  92.192909      2132.7854    
-180.00000 -30.00000   0.00000  665.31757      100183.52    
-180.00000 -30.00000  15.00000  103781.80     6.07777088E+08
-180.00000 -30.00000  30.00000  3044108.8     2.00000000E+09
-180.00000 -30.00000  45.00000  15595.691      17206866.    
-180.00000 -30.00000  60.00000  289.66049      12298.102    
-180.00000 -30.00000  75.00000  54.290836      202.43909    
-180.00000 -30.00000  90.00000  19.022543      25.919266    
-180.00000 -30.00000 105.00000  12.570336      14.080578    
-180.00000 -30.00000 120.00000  11.734408      13.010138    
-180.00000 -30.00000 135.00000  13.514595      14.851609    
-180.00000 -30.00000 150.00000  21.715361      23.180492    
-180.00000 -30.00000 165.00000  54.073898      55.999771    
-180.00000 -15.00000-180.00000  1676.2079      1680.0417    
-180.00000 -15.00000-165.00000  2600.0618      2611.1448    
-180.00000 -15.00000-150.00000  1607.4607      1641.1971    
-180.00000 -15.00000-135.00000  497.73416      575.88300    
-180.00000 -15.00000-120.00000  125.25543      232.35660    
-180.00000 -15.00000-105.00000  43.555714      121.62043    
-180.00000 -15.00000 -90.00000  26.689373      60.282520    
-180.00000 -15.00000 -75.00000  23.427649      34.612701    
-180.00000 -15.00000 -60.00000  26.752054      33.760223    
-180.00000 -15.00000 -45.00000  52.051098      94.374283    
-180.00000 -15.00000 -30.00000  216.72379      1047.3112    
-180.00000 -15.00000 -15.00000  1668.3823      55640.117    
-180.00000 -15.00000   0.00000  547073.75     1.37321456E+08
-180.00000 -15.00000  15.00000 1.97545446E+09 2.00000000E+09
-180.00000 -15.00000  30.00000  364696.28      82226704.    
-180.00000 -15.00000  45.00000  1458.9673      34146.082    
-180.00000 -15.00000  60.00000  196.39622      531.49872    
-180.00000 -15.00000  75.00000  49.209480      62.935120    
-180.00000 -15.00000  90.00000  26.643421      28.534649    
-180.00000 -15.00000 105.00000  23.349459      24.614222    
-180.00000 -15.00000 120.00000  26.325891      27.633329    
-180.00000 -15.00000 135.00000  44.297146      45.668495    
-180.00000 -15.00000 150.00000  133.27486      134.76398    
-180.00000 -15.00000 165.00000  532.06152      534.00531    
-180.00000   0.00000-180.00000  4975.8711      4979.7104    
-180.00000   0.00000-165.00000  3013.2300      3024.3181    
-180.00000   0.00000-150.00000  859.10425      892.84436    
-180.00000   0.00000-135.00000  194.28741      272.43576    
-180.00000   0.00000-120.00000  61.001198      168.09131    
-180.00000   0.00000-105.00000  35.649338      113.68430    
-180.00000   0.00000 -90.00000  30.840687      64.437546    
-180.00000   0.00000 -75.00000  34.785202      46.934284    
-180.00000   0.00000 -60.00000  68.689911      92.309326    
-180.00000   0.00000 -45.00000  309.77191      779.89404    
-180.00000   0.00000 -30.00000  2523.9883      41531.715    
-180.00000   0.00000 -15.00000  932079.06      75281936.    
-180.00000   0.00000   0.00000 2.00000000E+09 2.00000000E+09
-180.00000   0.00000  15.00000  932121.63      75285544.    
-180.00000   0.00000  30.00000  2524.9673      41533.656    
-180.00000   0.00000  45.00000  311.04330      780.66479    
-180.00000   0.00000  60.00000  69.905701      91.133202    
-180.00000   0.00000  75.00000  35.407513      37.910828    
-180.00000   0.00000  90.00000  30.413588      31.696150    
-180.00000   0.00000 105.00000  34.098381      35.378548    
-180.00000   0.00000 120.00000  58.814461      60.154964    
-180.00000   0.00000 135.00000  192.25470      193.64462    
-180.00000   0.00000 150.00000  857.72662      859.22614    
-180.00000   0.00000 165.00000  3012.5713      3014.5220    
-180.00000  15.00000-180.00000  1676.2588      1680.0928    
-180.00000  15.00000-165.00000  532.75049      543.83167    
-180.00000  15.00000-150.00000  134.68709      168.41682    
-180.00000  15.00000-135.00000  46.366734      124.49659    
-180.00000  15.00000-120.00000  28.549757      135.60695    
-180.00000  15.00000-105.00000  24.937658      102.95724    
-180.00000  15.00000 -90.00000  27.107767      61.313244    
-180.00000  15.00000 -75.00000  48.624451      71.995781    
-180.00000  15.00000 -60.00000  195.21758      532.70728    
-180.00000  15.00000 -45.00000  1457.7247      34144.500    
-180.00000  15.00000 -30.00000  364683.03      82222536.    
-180.00000  15.00000 -15.00000 1.97549683E+09 2.00000000E+09
-180.00000  15.00000   0.00000  547100.13     1.37328224E+08
-180.00000  15.00000  15.00000  1668.9261      55641.902    
-180.00000  15.00000  30.00000  217.71007      1048.2345    
-180.00000  15.00000  45.00000  53.357460      95.172676    
-180.00000  15.00000  60.00000  28.004816      32.620857    
-180.00000  15.00000  75.00000  24.087170      25.626444    
-180.00000  15.00000  90.00000  26.299528      27.578392    
-180.00000  15.00000 105.00000  42.042049      43.352009    
-180.00000  15.00000 120.00000  123.10587      124.45752    
-180.00000  15.00000 135.00000  495.73929      497.12985    
-180.00000  15.00000 150.00000  1606.1265      1607.6224    
-180.00000  15.00000 165.00000  2599.4656      2601.4114    
-180.00000  30.00000-180.00000  162.93852      166.75748    
-180.00000  30.00000-165.00000  54.895863      65.959167    
-180.00000  30.00000-150.00000  23.264488      56.970253    
-180.00000  30.00000-135.00000  15.721773      93.817116    
-180.00000  30.00000-120.00000  14.096000      121.12157    
-180.00000  30.00000-105.00000  14.296294      92.561356    
-180.00000  30.00000 -90.00000  19.624666      58.835636    
-180.00000  30.00000 -75.00000  53.843590      211.63582    
-180.00000  30.00000 -60.00000  288.62033      12299.237    
-180.00000  30.00000 -45.00000  15594.458      17206242.    
-180.00000  30.00000 -30.00000  3044164.3     2.00000000E+09
-180.00000  30.00000 -15.00000  103785.84     6.07814208E+08
-180.00000  30.00000   0.00000  665.50519      100186.09    
-180.00000  30.00000  15.00000  92.850143      2133.4749    
-180.00000  30.00000  30.00000  27.318007      136.62735    
-180.00000  30.00000  45.00000  15.181403      26.952923    
-180.00000  30.00000  60.00000  13.012701      15.683586    
-180.00000  30.00000  75.00000  13.405578      14.836974    
-180.00000  30.00000  90.00000  17.557856      18.847746    
-180.00000  30.00000 105.00000  36.984280      38.296585    
-180.00000  30.00000 120.00000  112.15083      113.49549    
-180.00000  30.00000 135.00000  305.45056      306.83005    
-180.00000  30.00000 150.00000  492.21942      493.70273    
-180.00000  30.00000 165.00000  383.40790      385.34009    
-180.00000  45.00000-180.00000  18.101210      21.901325    
-180.00000  45.00000-165.00000  10.184556      21.224211    
-180.00000  45.00000-150.00000  7.7940288      41.467514    
-180.00000  45.00000-135.00000  7.4375820      85.489723    
-180.00000  45.00000-120.00000  7.4861317      114.50844    
-180.00000  45.00000-105.00000  7.7838135      86.986252    
-180.00000  45.00000 -90.00000  11.091437      72.235985    
-180.00000  45.00000 -75.00000  30.720007      1237.7688    
-180.00000  45.00000 -60.00000  263.82654      253157.58    
-180.00000  45.00000 -45.00000  6081.0620     5.24721952E+08
-180.00000  45.00000 -30.00000  4678.2339     2.23003456E+08
-180.00000  45.00000 -15.00000  202.29372      141514.17    
-180.00000  45.00000   0.00000  33.532333      3891.3506    
-180.00000  45.00000  15.00000  12.446045      290.33334    
-180.00000  45.00000  30.00000  7.5101414      40.078293    
-180.00000  45.00000  45.00000  6.4955840      13.320201    
-180.00000  45.00000  60.00000  6.4548221      8.7489643    
-180.00000  45.00000  75.00000  6.9038720      8.3164120    
-180.00000  45.00000  90.00000  9.0990667      10.387650    
-180.00000  45.00000 105.00000  17.063341      18.367943    
-180.00000  45.00000 120.00000  36.224751      37.557640    
-180.00000  45.00000 135.00000  58.753796      60.119602    
-180.00000  45.00000 150.00000  58.230885      59.699383    
-180.00000  45.00000 165.00000  36.204617      38.120564    
-180.00000  60.00000-180.00000  5.8912807      9.6739550    
-180.00000  60.00000-165.00000  5.3821092      16.399084    
-180.00000  60.00000-150.00000  5.5089130      39.150818    
-180.00000  60.00000-135.00000  5.8987627      83.909180    
-180.00000  60.00000-120.00000  6.0537128      113.08983    
-180.00000  60.00000-105.00000  5.8419552      86.308479    
-180.00000  60.00000 -90.00000  6.2654867      97.727997    
-180.00000  60.00000 -75.00000  11.263269      2320.2776    
-180.00000  60.00000 -60.00000  47.134232      150954.61    
-180.00000  60.00000 -45.00000  103.47491      1162241.8    
-180.00000  60.00000 -30.00000  36.665939      64875.707    
-180.00000  60.00000 -15.00000  12.396569      3246.7498    
-180.00000  60.00000   0.00000  7.0564518      485.69260    
-180.00000  60.00000  15.00000  5.3370972      81.169922    
-180.00000  60.00000  30.00000  4.9368219      23.981733    
-180.00000  60.00000  45.00000  4.9897447      10.742028    
-180.00000  60.00000  60.00000  5.0780849      7.2936549    
-180.00000  60.00000  75.00000  5.1058598      6.5163918    
-180.00000  60.00000  90.00000  5.4295111      6.7146668    
-180.00000  60.00000 105.00000  6.6898327      7.9866557    
-180.00000  60.00000 120.00000  8.8267479      10.149487    
-180.00000  60.00000 135.00000  10.091675      11.446005    
-180.00000  60.00000 150.00000  9.1471319      10.602935    
-180.00000  60.00000 165.00000  7.2468038      9.1482763    
-180.00000  75.00000-180.00000  7.7836714      11.552846    
-180.00000  75.00000-165.00000  8.0286531      19.028341    
-180.00000  75.00000-150.00000  8.4724979      42.091148    
-180.00000  75.00000-135.00000  8.9681368      86.947403    
-180.00000  75.00000-120.00000  9.1098833      116.11137    
-180.00000  75.00000-105.00000  8.6595707      88.881981    
-180.00000  75.00000 -90.00000  8.0087271      80.338417    
-180.00000  75.00000 -75.00000  7.9803491      647.22168    
-180.00000  75.00000 -60.00000  9.1831827      5001.1514    
-180.00000  75.00000 -45.00000  9.3685513      4828.3838    
-180.00000  75.00000 -30.00000  8.4199734      1073.3680    
-180.00000  75.00000 -15.00000  7.9819546      390.72653    
-180.00000  75.00000   0.00000  7.7983804      123.39883    
-180.00000  75.00000  15.00000  7.7975383      50.099297    
-180.00000  75.00000  30.00000  7.9223518      24.060917    
-180.00000  75.00000  45.00000  8.0963926      13.626029    
-180.00000  75.00000  60.00000  8.1539822      10.363199    
-180.00000  75.00000  75.00000  7.9939857      9.4051638    
-180.00000  75.00000  90.00000  7.7295222      9.0110178    
-180.00000  75.00000 105.00000  7.5732036      8.8637695    
-180.00000  75.00000 120.00000  7.5884361      8.9035444    
-180.00000  75.00000 135.00000  7.6504941      8.9962320    
-180.00000  75.00000 150.00000  7.6716208      9.1177740    
-180.00000  75.00000 165.00000  7.6914053      9.5817413    
-180.00000  90.00000-180.00000  17.491829      21.251673    
-180.00000  90.00000-165.00000  17.845781      28.834644    
-180.00000  90.00000-150.00000  18.343807      51.950344    
-180.00000  90.00000-135.00000  18.864214      96.828476    
-180.00000  90.00000-120.00000  19.014580      125.93591    
-180.00000  90.00000-105.00000  18.532053      97.352898    
-180.00000  90.00000 -90.00000  17.700464      61.062389    
-180.00000  90.00000 -75.00000  16.995150      89.670815    
-180.00000  90.00000 -60.00000  16.640602      179.79842    
-180.00000  90.00000 -45.00000  16.606281      169.09485    
-180.00000  90.00000 -30.00000  16.816658      143.32924    
-180.00000  90.00000 -15.00000  17.134350      108.08169    
-180.00000  90.00000   0.00000  17.427530      76.503716    
-180.00000  90.00000  15.00000  17.640547      53.074547    
-180.00000  90.00000  30.00000  17.828440      33.537136    
-180.00000  90.00000  45.00000  18.007109      23.611727    
-180.00000  90.00000  60.00000  18.048676      20.280313    
-180.00000  90.00000  75.00000  17.847147      19.258661    
-180.00000  90.00000  90.00000  17.479084      18.756622    
-180.00000  90.00000 105.00000  17.129404      18.414785    
-180.00000  90.00000 120.00000  16.929174      18.238401    
-180.00000  90.00000 135.00000  16.905907      18.245155    
-180.00000  90.00000 150.00000  17.024275      18.463259    
-180.00000  90.00000 165.00000  17.229698      19.111938    
-180.00000 105.00000-180.00000  35.366714      39.120567    
-180.00000 105.00000-165.00000  35.736759      46.720448    
-180.00000 105.00000-150.00000  36.245487      69.849937    
-180.00000 105.00000-135.00000  36.777428      114.74403    
-180.00000 105.00000-120.00000  36.944981      143.82114    
-180.00000 105.00000-105.00000  36.482876      114.49576    
-180.00000 105.00000 -90.00000  35.660744      70.486168    
-180.00000 105.00000 -75.00000  34.927490      51.266636    
-180.00000 105.00000 -60.00000  34.511150      50.373325    
-180.00000 105.00000 -45.00000  34.440079      57.651943    
-180.00000 105.00000 -30.00000  34.648350      69.738213    
-180.00000 105.00000 -15.00000  35.004833      80.118385    
-180.00000 105.00000   0.00000  35.339775      83.248734    
-180.00000 105.00000  15.00000  35.565281      70.420547    
-180.00000 105.00000  30.00000  35.747902      52.562069    
-180.00000 105.00000  45.00000  35.919559      41.914223    
-180.00000 105.00000  60.00000  35.958115      38.239178    
-180.00000 105.00000  75.00000  35.755123      37.166756    
-180.00000 105.00000  90.00000  35.379974      36.653328    
-180.00000 105.00000 105.00000  35.011990      36.292671    
-180.00000 105.00000 120.00000  34.786716      36.090935    
-180.00000 105.00000 135.00000  34.745083      36.079041    
-180.00000 105.00000 150.00000  34.862453      36.295830    
-180.00000 105.00000 165.00000  35.083519      36.959846    
-180.00000 120.00000-180.00000  47.771851      51.522068    
-180.00000 120.00000-165.00000  48.142208      59.124794    
-180.00000 120.00000-150.00000  48.653629      82.262962    
-180.00000 120.00000-135.00000  49.193272      127.17525    
-180.00000 120.00000-120.00000  49.375626      156.26302    
-180.00000 120.00000-105.00000  48.934914      126.77112    
-180.00000 120.00000 -90.00000  48.136635      81.630112    
-180.00000 120.00000 -75.00000  47.421631      58.827690    
-180.00000 120.00000 -60.00000  47.009521      53.021873    
-180.00000 120.00000 -45.00000  46.926617      56.078556    
-180.00000 120.00000 -30.00000  47.116215      66.628471    
-180.00000 120.00000 -15.00000  47.457417      83.441521    
-180.00000 120.00000   0.00000  47.777447      94.506638    
-180.00000 120.00000  15.00000  47.987278      87.927925    
-180.00000 120.00000  30.00000  48.159065      69.139931    
-180.00000 120.00000  45.00000  48.327232      55.084358    
-180.00000 120.00000  60.00000  48.367931      50.703445    
-180.00000 120.00000  75.00000  48.170372      49.580273    
-180.00000 120.00000  90.00000  47.801083      49.069885    
-180.00000 120.00000 105.00000  47.436001      48.711853    
-180.00000 120.00000 120.00000  47.208672      48.507965    
-180.00000 120.00000 135.00000  47.161133      48.490147    
-180.00000 120.00000 150.00000  47.272346      48.700871    
-180.00000 120.00000 165.00000  47.489819      49.361591    
-180.00000 135.00000-180.00000  38.213310      41.961472    
-180.00000 135.00000-165.00000  38.582710      49.566822    
-180.00000 135.00000-150.00000  39.095406      72.713501    
-180.00000 135.00000-135.00000  39.640247      117.64363    
-180.00000 135.00000-120.00000  39.832878      146.75635    
-180.00000 135.00000-105.00000  39.406677      117.26783    
-180.00000 135.00000 -90.00000  38.624485      72.016045    
-180.00000 135.00000 -75.00000  37.922985      48.840771    
-180.00000 135.00000 -60.00000  37.517120      42.233856    
-180.00000 135.00000 -45.00000  37.430462      43.992535    
-180.00000 135.00000 -30.00000  37.607658      53.851768    
-180.00000 135.00000 -15.00000  37.931511      72.552094    
-180.00000 135.00000   0.00000  38.233788      92.260002    
-180.00000 135.00000  15.00000  38.431499      99.374069    
-180.00000 135.00000  30.00000  38.597107      67.844139    
-180.00000 135.00000  45.00000  38.764812      46.133286    
-180.00000 135.00000  60.00000  38.808434      41.148396    
-180.00000 135.00000  75.00000  38.615746      40.019390    
-180.00000 135.00000  90.00000  38.251827      39.514900    
-180.00000 135.00000 105.00000  37.890686      39.160683    
-180.00000 135.00000 120.00000  37.664276      38.957874    
-180.00000 135.00000 135.00000  37.614300      38.938011    
-180.00000 135.00000 150.00000  37.721024      39.144794    
-180.00000 135.00000 165.00000  37.934082      39.802029    
-180.00000 150.00000-180.00000  19.862440      23.609520    
-180.00000 150.00000-165.00000  20.231750      31.218899    
-180.00000 150.00000-150.00000  20.744503      54.372459    
-180.00000 150.00000-135.00000  21.292175      99.316719    
-180.00000 150.00000-120.00000  21.491257      128.45131    
-180.00000 150.00000-105.00000  21.073807      98.987022    
-180.00000 150.00000 -90.00000  20.300787      53.743362    
-180.00000 150.00000 -75.00000  19.606701      30.517899    
-180.00000 150.00000 -60.00000  19.203976      23.725348    
-180.00000 150.00000 -45.00000  19.114285      25.142715    
-180.00000 150.00000 -30.00000  19.282293      34.999561    
-180.00000 150.00000 -15.00000  19.593899      57.845936    
-180.00000 150.00000   0.00000  19.889317      107.53101    
-180.00000 150.00000  15.00000  20.084332      129.06541    
-180.00000 150.00000  30.00000  20.243490      54.501114    
-180.00000 150.00000  45.00000  20.409843      27.478054    
-180.00000 150.00000  60.00000  20.454571      22.737740    
-180.00000 150.00000  75.00000  20.264555      21.656895    
-180.00000 150.00000  90.00000  19.903772      21.158237    
-180.00000 150.00000 105.00000  19.544998      20.806725    
-180.00000 150.00000 120.00000  19.319162      20.605295    
-180.00000 150.00000 135.00000  19.267677      20.584982    
-180.00000 150.00000 150.00000  19.371862      20.790461    
-180.00000 150.00000 165.00000  19.583296      21.447695    
-180.00000 165.00000-180.00000  8.5727510      12.319330    
-180.00000 165.00000-165.00000  8.9410124      19.931805    
-180.00000 165.00000-150.00000  9.4524956      43.090084    
-180.00000 165.00000-135.00000  10.001850      88.044205    
-180.00000 165.00000-120.00000  10.204949      117.19402    
-180.00000 165.00000-105.00000  9.7923031      87.747536    
-180.00000 165.00000 -90.00000  9.0238504      42.518501    
-180.00000 165.00000 -75.00000  8.3329439      19.289944    
-180.00000 165.00000 -60.00000  7.9306130      12.452151    
-180.00000 165.00000 -45.00000  7.8376355      13.821203    
-180.00000 165.00000 -30.00000  7.9996009      24.675940    
-180.00000 165.00000 -15.00000  8.3080750      63.340126    
-180.00000 165.00000   0.00000  8.6124468      185.34276    
-180.00000 165.00000  15.00000  8.8004236      146.99586    
-180.00000 165.00000  30.00000  8.9508877      37.405327    
-180.00000 165.00000  45.00000  9.1150141      15.364904    
-180.00000 165.00000  60.00000  9.1589804      11.374081    
-180.00000 165.00000  75.00000  8.9696112      10.345146    
-180.00000 165.00000  90.00000  8.6100378      9.8503237    
-180.00000 165.00000 105.00000  8.2522364      9.5013599    
-180.00000 165.00000 120.00000  8.0265131      9.3021841    
-180.00000 165.00000 135.00000  7.9744077      9.2834539    
-180.00000 165.00000 150.00000  8.0786123      9.4911995    
-180.00000 165.00000 165.00000  8.2918968      10.152740    
