Ramachandran energy map for proline.                                            
Grid size of 10 degrees used                                                    
*       
 1512
-180.00000-150.00000-180.00000  83.081963      85.196350    
-180.00000-150.00000-170.00000  76.956779      80.180321    
-180.00000-150.00000-160.00000  72.101013      77.667671    
-180.00000-150.00000-150.00000  69.023102      79.177528    
-180.00000-150.00000-140.00000  67.425453      85.585609    
-180.00000-150.00000-130.00000  66.829315      96.892326    
-180.00000-150.00000-120.00000  66.884850      112.11086    
-180.00000-150.00000-110.00000  67.468384      135.51653    
-180.00000-150.00000-100.00000  68.727806      208.67599    
-180.00000-150.00000 -90.00000  71.133583      529.21741    
-180.00000-150.00000 -80.00000  75.410240      1723.6373    
-180.00000-150.00000 -70.00000  81.845787      4390.1094    
-180.00000-150.00000 -60.00000  89.869820      6299.4209    
-180.00000-150.00000 -50.00000  102.96273      7067.1357    
-180.00000-150.00000 -40.00000  139.10364      31614.689    
-180.00000-150.00000 -30.00000  225.44429      212972.91    
-180.00000-150.00000 -20.00000  295.50546      503983.16    
-180.00000-150.00000 -10.00000  228.58931      231323.31    
-180.00000-150.00000   0.00000  136.39365      34194.539    
-180.00000-150.00000  10.00000  94.033997      3769.2292    
-180.00000-150.00000  20.00000  77.738625      532.82684    
-180.00000-150.00000  30.00000  70.739777      147.91333    
-180.00000-150.00000  40.00000  67.655792      86.154091    
-180.00000-150.00000  50.00000  66.456558      72.352455    
-180.00000-150.00000  60.00000  66.210434      68.648529    
-180.00000-150.00000  70.00000  66.507843      67.899712    
-180.00000-150.00000  80.00000  67.221550      68.320412    
-180.00000-150.00000  90.00000  68.368858      69.422241    
-180.00000-150.00000 100.00000  70.030258      71.114037    
-180.00000-150.00000 110.00000  72.342888      73.473183    
-180.00000-150.00000 120.00000  75.550934      76.724609    
-180.00000-150.00000 130.00000  79.900345      81.110977    
-180.00000-150.00000 140.00000  85.095268      86.341858    
-180.00000-150.00000 150.00000  89.635513      90.932228    
-180.00000-150.00000 160.00000  91.227928      92.622643    
-180.00000-150.00000 170.00000  88.657974      90.272293    
-180.00000-140.00000-180.00000  52.540222      54.660004    
-180.00000-140.00000-170.00000  49.156654      52.411747    
-180.00000-140.00000-160.00000  46.665695      52.315094    
-180.00000-140.00000-150.00000  45.171299      55.477829    
-180.00000-140.00000-140.00000  44.458637      62.787064    
-180.00000-140.00000-130.00000  44.270676      74.302330    
-180.00000-140.00000-120.00000  44.430992      89.182297    
-180.00000-140.00000-110.00000  44.893452      112.44479    
-180.00000-140.00000-100.00000  45.783848      184.75836    
-180.00000-140.00000 -90.00000  47.426788      467.81055    
-180.00000-140.00000 -80.00000  50.231567      1319.9512    
-180.00000-140.00000 -70.00000  54.316856      2685.2598    
-180.00000-140.00000 -60.00000  60.002846      3389.9534    
-180.00000-140.00000 -50.00000  71.089508      6238.5454    
-180.00000-140.00000 -40.00000  97.370163      33492.891    
-180.00000-140.00000 -30.00000  136.54329      128784.21    
-180.00000-140.00000 -20.00000  141.10542      146699.25    
-180.00000-140.00000 -10.00000  102.21579      45231.387    
-180.00000-140.00000   0.00000  70.263977      6923.9585    
-180.00000-140.00000  10.00000  55.399445      980.16479    
-180.00000-140.00000  20.00000  48.771996      203.56494    
-180.00000-140.00000  30.00000  45.676014      82.901497    
-180.00000-140.00000  40.00000  44.304417      56.492447    
-180.00000-140.00000  50.00000  43.825077      48.644939    
-180.00000-140.00000  60.00000  43.822037      46.078964    
-180.00000-140.00000  70.00000  44.109497      45.459621    
-180.00000-140.00000  80.00000  44.639561      45.706963    
-180.00000-140.00000  90.00000  45.445000      46.463326    
-180.00000-140.00000 100.00000  46.606846      47.655865    
-180.00000-140.00000 110.00000  48.251102      49.350674    
-180.00000-140.00000 120.00000  50.527538      51.675926    
-180.00000-140.00000 130.00000  53.436272      54.626785    
-180.00000-140.00000 140.00000  56.474358      57.704926    
-180.00000-140.00000 150.00000  58.507446      59.791153    
-180.00000-140.00000 160.00000  58.407585      59.792023    
-180.00000-140.00000 170.00000  56.064713      57.673332    
-180.00000-130.00000-180.00000  31.330450      33.515537    
-180.00000-130.00000-170.00000  29.733068      33.158520    
-180.00000-130.00000-160.00000  28.616579      34.657722    
-180.00000-130.00000-150.00000  27.990229      39.088932    
-180.00000-130.00000-140.00000  27.744963      47.423080    
-180.00000-130.00000-130.00000  27.755625      59.589973    
-180.00000-130.00000-120.00000  27.930399      74.353600    
-180.00000-130.00000-110.00000  28.247545      96.106956    
-180.00000-130.00000-100.00000  28.794031      159.55104    
-180.00000-130.00000 -90.00000  29.771029      376.58243    
-180.00000-130.00000 -80.00000  31.384916      897.03790    
-180.00000-130.00000 -70.00000  33.708099      1508.2509    
-180.00000-130.00000 -60.00000  37.215031      1934.1648    
-180.00000-130.00000 -50.00000  44.049267      4941.2437    
-180.00000-130.00000 -40.00000  56.461983      20369.535    
-180.00000-130.00000 -30.00000  67.065903      44406.684    
-180.00000-130.00000 -20.00000  61.664474      31943.375    
-180.00000-130.00000 -10.00000  47.327564      8905.7920    
-180.00000-130.00000   0.00000  37.125938      1618.5299    
-180.00000-130.00000  10.00000  31.879412      316.73486    
-180.00000-130.00000  20.00000  29.255346      99.420578    
-180.00000-130.00000  30.00000  27.969534      52.697876    
-180.00000-130.00000  40.00000  27.416521      37.988903    
-180.00000-130.00000  50.00000  27.271173      32.171818    
-180.00000-130.00000  60.00000  27.354170      29.823988    
-180.00000-130.00000  70.00000  27.580091      29.047731    
-180.00000-130.00000  80.00000  27.930117      29.031652    
-180.00000-130.00000  90.00000  28.431482      29.438017    
-180.00000-130.00000 100.00000  29.141546      30.160536    
-180.00000-130.00000 110.00000  30.134638      31.201822    
-180.00000-130.00000 120.00000  31.458521      32.579159    
-180.00000-130.00000 130.00000  33.012424      34.181618    
-180.00000-130.00000 140.00000  34.409748      35.625141    
-180.00000-130.00000 150.00000  35.060638      36.335419    
-180.00000-130.00000 160.00000  34.578533      35.963257    
-180.00000-130.00000 170.00000  33.136036      34.764301    
-180.00000-120.00000-180.00000  17.648897      19.934175    
-180.00000-120.00000-170.00000  17.010262      20.687607    
-180.00000-120.00000-160.00000  16.589361      23.204649    
-180.00000-120.00000-150.00000  16.390129      28.654654    
-180.00000-120.00000-140.00000  16.367880      38.055744    
-180.00000-120.00000-130.00000  16.458675      51.011372    
-180.00000-120.00000-120.00000  16.602182      65.410622    
-180.00000-120.00000-110.00000  16.774885      83.729141    
-180.00000-120.00000-100.00000  17.024685      131.00728    
-180.00000-120.00000 -90.00000  17.465025      271.31042    
-180.00000-120.00000 -80.00000  18.194122      541.76495    
-180.00000-120.00000 -70.00000  19.259079      790.68280    
-180.00000-120.00000 -60.00000  20.938847      1073.2653    
-180.00000-120.00000 -50.00000  23.932577      2746.2366    
-180.00000-120.00000 -40.00000  27.992952      7746.3115    
-180.00000-120.00000 -30.00000  29.796293      11099.934    
-180.00000-120.00000 -20.00000  26.954832      6502.3481    
-180.00000-120.00000 -10.00000  22.558451      1944.7841    
-180.00000-120.00000   0.00000  19.418037      457.93387    
-180.00000-120.00000  10.00000  17.620066      134.36472    
-180.00000-120.00000  20.00000  16.638922      61.919479    
-180.00000-120.00000  30.00000  16.143497      38.641178    
-180.00000-120.00000  40.00000  15.948855      27.967028    
-180.00000-120.00000  50.00000  15.936635      22.383295    
-180.00000-120.00000  60.00000  16.027420      19.543489    
-180.00000-120.00000  70.00000  16.175617      18.245550    
-180.00000-120.00000  80.00000  16.368921      17.764185    
-180.00000-120.00000  90.00000  16.623091      17.735003    
-180.00000-120.00000 100.00000  16.971439      18.002592    
-180.00000-120.00000 110.00000  17.449297      18.495516    
-180.00000-120.00000 120.00000  18.061573      19.156582    
-180.00000-120.00000 130.00000  18.727255      19.875786    
-180.00000-120.00000 140.00000  19.249722      20.451376    
-180.00000-120.00000 150.00000  19.397524      20.666494    
-180.00000-120.00000 160.00000  19.074615      20.466234    
-180.00000-120.00000 170.00000  18.407810      20.070639    
-180.00000-110.00000-180.00000  9.5656996      11.981307    
-180.00000-110.00000-170.00000  9.3729143      13.370467    
-180.00000-110.00000-160.00000  9.2695017      16.609308    
-180.00000-110.00000-150.00000  9.2657843      22.999208    
-180.00000-110.00000-140.00000  9.3448954      33.567371    
-180.00000-110.00000-130.00000  9.4648218      47.459202    
-180.00000-110.00000-120.00000  9.5725374      61.466881    
-180.00000-110.00000-110.00000  9.6369886      76.011604    
-180.00000-110.00000-100.00000  9.6812811      108.29029    
-180.00000-110.00000 -90.00000  9.7727003      193.43834    
-180.00000-110.00000 -80.00000  9.9623289      329.13785    
-180.00000-110.00000 -70.00000  10.271646      425.76242    
-180.00000-110.00000 -60.00000  10.809421      541.69141    
-180.00000-110.00000 -50.00000  11.733739      1106.3074    
-180.00000-110.00000 -40.00000  12.750991      2221.5369    
-180.00000-110.00000 -30.00000  12.953479      2496.2839    
-180.00000-110.00000 -20.00000  12.064075      1416.9829    
-180.00000-110.00000 -10.00000  10.881293      505.64151    
-180.00000-110.00000   0.00000  9.9903479      170.59392    
-180.00000-110.00000  10.00000  9.4249372      79.534355    
-180.00000-110.00000  20.00000  9.0860357      50.867939    
-180.00000-110.00000  30.00000  8.9099207      36.978210    
-180.00000-110.00000  40.00000  8.8560305      27.595652    
-180.00000-110.00000  50.00000  8.8850126      20.852894    
-180.00000-110.00000  60.00000  8.9569998      16.506323    
-180.00000-110.00000  70.00000  9.0411272      13.745063    
-180.00000-110.00000  80.00000  9.1249571      11.920609    
-180.00000-110.00000  90.00000  9.2154989      10.897361    
-180.00000-110.00000 100.00000  9.3318377      10.529136    
-180.00000-110.00000 110.00000  9.4934492      10.560985    
-180.00000-110.00000 120.00000  9.7036066      10.783828    
-180.00000-110.00000 130.00000  9.9296713      11.061507    
-180.00000-110.00000 140.00000  10.100007      11.291152    
-180.00000-110.00000 150.00000  10.139915      11.407277    
-180.00000-110.00000 160.00000  10.026517      11.431964    
-180.00000-110.00000 170.00000  9.8074560      11.518525    
-180.00000-100.00000-180.00000  5.2597342      7.7969618    
-180.00000-100.00000-170.00000  5.2542553      9.5503054    
-180.00000-100.00000-160.00000  5.2872982      13.307446    
-180.00000-100.00000-150.00000  5.3718090      20.501228    
-180.00000-100.00000-140.00000  5.5006294      32.185448    
-180.00000-100.00000-130.00000  5.6394815      47.197784    
-180.00000-100.00000-120.00000  5.7387152      61.871262    
-180.00000-100.00000-110.00000  5.7668486      77.004364    
-180.00000-100.00000-100.00000  5.7398367      110.67952    
-180.00000-100.00000 -90.00000  5.7027292      192.46475    
-180.00000-100.00000 -80.00000  5.6677351      300.73911    
-180.00000-100.00000 -70.00000  5.6129293      336.10849    
-180.00000-100.00000 -60.00000  5.5831671      314.11142    
-180.00000-100.00000 -50.00000  5.6696997      402.33987    
-180.00000-100.00000 -40.00000  5.8163595      586.52191    
-180.00000-100.00000 -30.00000  5.8254251      581.36700    
-180.00000-100.00000 -20.00000  5.6474838      356.10168    
-180.00000-100.00000 -10.00000  5.4224892      168.92447    
-180.00000-100.00000   0.00000  5.2432108      91.570709    
-180.00000-100.00000  10.00000  5.1095409      67.555855    
-180.00000-100.00000  20.00000  5.0128717      59.884224    
-180.00000-100.00000  30.00000  4.9604483      54.782051    
-180.00000-100.00000  40.00000  4.9573488      46.898312    
-180.00000-100.00000  50.00000  4.9951353      38.942307    
-180.00000-100.00000  60.00000  5.0525370      31.984385    
-180.00000-100.00000  70.00000  5.1059065      23.051840    
-180.00000-100.00000  80.00000  5.1420641      14.287797    
-180.00000-100.00000  90.00000  5.1608124      9.0549135    
-180.00000-100.00000 100.00000  5.1697941      6.9598246    
-180.00000-100.00000 110.00000  5.1801291      6.3651381    
-180.00000-100.00000 120.00000  5.2021265      6.2899408    
-180.00000-100.00000 130.00000  5.2380152      6.3608770    
-180.00000-100.00000 140.00000  5.2770491      6.4622316    
-180.00000-100.00000 150.00000  5.3018007      6.5706396    
-180.00000-100.00000 160.00000  5.3021336      6.7226820    
-180.00000-100.00000 170.00000  5.2827377      7.0400248    
-180.00000 -90.00000-180.00000  2.8659229      5.5343170    
-180.00000 -90.00000-170.00000  2.9471025      7.5635443    
-180.00000 -90.00000-160.00000  3.0528917      11.809932    
-180.00000 -90.00000-150.00000  3.1937790      19.862806    
-180.00000 -90.00000-140.00000  3.3621235      32.841511    
-180.00000 -90.00000-130.00000  3.5231495      49.340519    
-180.00000 -90.00000-120.00000  3.6276846      65.459419    
-180.00000 -90.00000-110.00000  3.6478910      83.480217    
-180.00000 -90.00000-100.00000  3.6038189      126.41051    
-180.00000 -90.00000 -90.00000  3.5330391      226.61398    
-180.00000 -90.00000 -80.00000  3.4180412      344.19119    
-180.00000 -90.00000 -70.00000  3.2026405      348.79904    
-180.00000 -90.00000 -60.00000  2.9245596      247.83406    
-180.00000 -90.00000 -50.00000  2.7078943      183.83450    
-180.00000 -90.00000 -40.00000  2.6088333      180.47226    
-180.00000 -90.00000 -30.00000  2.5910482      163.69368    
-180.00000 -90.00000 -20.00000  2.6147995      117.72463    
-180.00000 -90.00000 -10.00000  2.6632566      83.366234    
-180.00000 -90.00000   0.00000  2.7143927      74.559143    
-180.00000 -90.00000  10.00000  2.7494535      84.783119    
-180.00000 -90.00000  20.00000  2.7712479      108.29573    
-180.00000 -90.00000  30.00000  2.7924213      129.29672    
-180.00000 -90.00000  40.00000  2.8242540      143.20909    
-180.00000 -90.00000  50.00000  2.8698606      167.88420    
-180.00000 -90.00000  60.00000  2.9083605      163.55438    
-180.00000 -90.00000  70.00000  2.9183531      99.902260    
-180.00000 -90.00000  80.00000  2.9053822      40.128403    
-180.00000 -90.00000  90.00000  2.8781595      13.861890    
-180.00000 -90.00000 100.00000  2.8356152      6.0932608    
-180.00000 -90.00000 110.00000  2.7792721      4.2260246    
-180.00000 -90.00000 120.00000  2.7211056      3.8445654    
-180.00000 -90.00000 130.00000  2.6793308      3.8031301    
-180.00000 -90.00000 140.00000  2.6678686      3.8532543    
-180.00000 -90.00000 150.00000  2.6892252      3.9643908    
-180.00000 -90.00000 160.00000  2.7358074      4.1759977    
-180.00000 -90.00000 170.00000  2.7967758      4.6057949    
-180.00000 -80.00000-180.00000  1.4557238      4.2703390    
-180.00000 -80.00000-170.00000  1.6218166      6.5949392    
-180.00000 -80.00000-160.00000  1.8153687      11.396092    
-180.00000 -80.00000-150.00000  2.0356750      20.427282    
-180.00000 -80.00000-140.00000  2.2588186      34.816883    
-180.00000 -80.00000-130.00000  2.4315720      52.607960    
-180.00000 -80.00000-120.00000  2.4928064      68.585106    
-180.00000 -80.00000-110.00000  2.4184532      83.069778    
-180.00000 -80.00000-100.00000  2.2463684      114.83009    
-180.00000 -80.00000 -90.00000  2.0363617      188.31175    
-180.00000 -80.00000 -80.00000  1.7971830      269.30676    
-180.00000 -80.00000 -70.00000  1.4981356      261.82983    
-180.00000 -80.00000 -60.00000  1.1731653      172.39320    
-180.00000 -80.00000 -50.00000 0.92191982      99.611732    
-180.00000 -80.00000 -40.00000 0.80648518      71.832932    
-180.00000 -80.00000 -30.00000 0.82259655      62.430923    
-180.00000 -80.00000 -20.00000 0.93635559      58.088860    
-180.00000 -80.00000 -10.00000  1.1078062      64.372009    
-180.00000 -80.00000   0.00000  1.3032408      91.832588    
-180.00000 -80.00000  10.00000  1.5104456      162.80748    
-180.00000 -80.00000  20.00000  1.7281189      291.70514    
-180.00000 -80.00000  30.00000  1.9493189      462.47961    
-180.00000 -80.00000  40.00000  2.1927404      859.68744    
-180.00000 -80.00000  50.00000  2.3959579      1588.7972    
-180.00000 -80.00000  60.00000  2.3154726      1479.1256    
-180.00000 -80.00000  70.00000  1.9724283      604.10229    
-180.00000 -80.00000  80.00000  1.6515865      145.30812    
-180.00000 -80.00000  90.00000  1.4443464      29.401468    
-180.00000 -80.00000 100.00000  1.3043699      7.0521402    
-180.00000 -80.00000 110.00000  1.1951561      3.0031090    
-180.00000 -80.00000 120.00000  1.1099463      2.2860413    
-180.00000 -80.00000 130.00000  1.0587101      2.1926012    
-180.00000 -80.00000 140.00000  1.0538683      2.2461061    
-180.00000 -80.00000 150.00000  1.0996819      2.3863306    
-180.00000 -80.00000 160.00000  1.1896267      2.6544333    
-180.00000 -80.00000 170.00000  1.3114481      3.1794586    
-180.00000 -70.00000-180.00000  1.0956726      4.0306540    
-180.00000 -70.00000-170.00000  1.4626198      6.7253275    
-180.00000 -70.00000-160.00000  1.9013729      12.146918    
-180.00000 -70.00000-150.00000  2.3727341      22.141874    
-180.00000 -70.00000-140.00000  2.7764006      37.732784    
-180.00000 -70.00000-130.00000  2.9703798      56.259613    
-180.00000 -70.00000-120.00000  2.8569593      70.821121    
-180.00000 -70.00000-110.00000  2.4665194      78.382721    
-180.00000 -70.00000-100.00000  1.9398289      90.236320    
-180.00000 -70.00000 -90.00000  1.4210863      121.92991    
-180.00000 -70.00000 -80.00000 0.97154140      156.93935    
-180.00000 -70.00000 -70.00000 0.58510208      148.71886    
-180.00000 -70.00000 -60.00000 0.26851177      98.835999    
-180.00000 -70.00000 -50.00000 6.28929138E-02  54.762749    
-180.00000 -70.00000 -40.00000 0.00000000E+00  35.753098    
-180.00000 -70.00000 -30.00000 8.30745697E-02  33.918026    
-180.00000 -70.00000 -20.00000 0.30121231      44.223522    
-180.00000 -70.00000 -10.00000 0.64957809      75.984810    
-180.00000 -70.00000   0.00000  1.1552658      173.64326    
-180.00000 -70.00000  10.00000  1.8893385      459.01294    
-180.00000 -70.00000  20.00000  2.9401731      1094.7676    
-180.00000 -70.00000  30.00000  4.6069403      3049.5037    
-180.00000 -70.00000  40.00000  7.4997015      13453.835    
-180.00000 -70.00000  50.00000  9.7102976      30734.066    
-180.00000 -70.00000  60.00000  7.5692129      17164.953    
-180.00000 -70.00000  70.00000  3.9799299      3214.4844    
-180.00000 -70.00000  80.00000  1.9749165      404.93851    
-180.00000 -70.00000  90.00000  1.0991325      52.570679    
-180.00000 -70.00000 100.00000 0.68004704      8.7315550    
-180.00000 -70.00000 110.00000 0.45880127      2.5275974    
-180.00000 -70.00000 120.00000 0.34338093      1.5619726    
-180.00000 -70.00000 130.00000 0.30210686      1.4525995    
-180.00000 -70.00000 140.00000 0.32800674      1.5335169    
-180.00000 -70.00000 150.00000 0.42083073      1.7225456    
-180.00000 -70.00000 160.00000 0.57960415      2.0685358    
-180.00000 -70.00000 170.00000 0.80349445      2.7222719    
-180.00000 -60.00000-180.00000  2.5150156      5.5197487    
-180.00000 -60.00000-170.00000  3.6542387      9.0782652    
-180.00000 -60.00000-160.00000  5.1472273      15.755527    
-180.00000 -60.00000-150.00000  6.7552156      27.256754    
-180.00000 -60.00000-140.00000  7.9128275      44.076687    
-180.00000 -60.00000-130.00000  8.0116777      62.625740    
-180.00000 -60.00000-120.00000  6.9492617      74.793831    
-180.00000 -60.00000-110.00000  5.2515526      75.476822    
-180.00000 -60.00000-100.00000  3.5810137      71.274147    
-180.00000 -60.00000 -90.00000  2.2926493      73.449028    
-180.00000 -60.00000 -80.00000  1.4171486      78.864388    
-180.00000 -60.00000 -70.00000 0.85036755      71.049744    
-180.00000 -60.00000 -60.00000 0.50051308      48.973618    
-180.00000 -60.00000 -50.00000 0.32984543      29.252321    
-180.00000 -60.00000 -40.00000 0.33747292      21.587000    
-180.00000 -60.00000 -30.00000 0.54739571      26.721540    
-180.00000 -60.00000 -20.00000  1.0241232      51.010925    
-180.00000 -60.00000 -10.00000  1.9232216      137.02892    
-180.00000 -60.00000   0.00000  3.5951414      483.01901    
-180.00000 -60.00000  10.00000  6.7503061      1746.2513    
-180.00000 -60.00000  20.00000  13.499022      6680.1108    
-180.00000 -60.00000  30.00000  34.040707      64871.430    
-180.00000 -60.00000  40.00000  82.981339      673129.44    
-180.00000 -60.00000  50.00000  96.246460      1031788.3    
-180.00000 -60.00000  60.00000  44.742439      150949.59    
-180.00000 -60.00000  70.00000  14.178102      9188.4531    
-180.00000 -60.00000  80.00000  5.3298292      627.13739    
-180.00000 -60.00000  90.00000  2.5056133      61.584763    
-180.00000 -60.00000 100.00000  1.3634977      9.4630136    
-180.00000 -60.00000 110.00000 0.87115288      2.9033041    
-180.00000 -60.00000 120.00000 0.67429829      1.9045286    
-180.00000 -60.00000 130.00000 0.63387680      1.8045778    
-180.00000 -60.00000 140.00000 0.70532990      1.9293060    
-180.00000 -60.00000 150.00000 0.88902473      2.2076111    
-180.00000 -60.00000 160.00000  1.2123938      2.7209721    
-180.00000 -60.00000 170.00000  1.7282829      3.6797619    
-180.00000 -50.00000-180.00000  8.6501856      11.671035    
-180.00000 -50.00000-170.00000  13.584073      19.031292    
-180.00000 -50.00000-160.00000  20.462482      31.103914    
-180.00000 -50.00000-150.00000  27.454119      47.982208    
-180.00000 -50.00000-140.00000  30.882666      66.972687    
-180.00000 -50.00000-130.00000  28.306154      82.443062    
-180.00000 -50.00000-120.00000  21.408741      87.574356    
-180.00000 -50.00000-110.00000  14.056661      79.385460    
-180.00000 -50.00000-100.00000  8.6433496      63.792114    
-180.00000 -50.00000 -90.00000  5.3964624      50.538006    
-180.00000 -50.00000 -80.00000  3.6381512      42.256649    
-180.00000 -50.00000 -70.00000  2.7217798      34.212143    
-180.00000 -50.00000 -60.00000  2.2698755      24.594542    
-180.00000 -50.00000 -50.00000  2.1252403      17.550030    
-180.00000 -50.00000 -40.00000  2.2809973      17.694584    
-180.00000 -50.00000 -30.00000  2.8758764      31.467035    
-180.00000 -50.00000 -20.00000  4.2974720      88.783813    
-180.00000 -50.00000 -10.00000  7.5012999      363.04556    
-180.00000 -50.00000   0.00000  14.864451      1808.2135    
-180.00000 -50.00000  10.00000  34.072853      9548.6143    
-180.00000 -50.00000  20.00000  120.52760      132083.20    
-180.00000 -50.00000  30.00000  676.00922      7562817.5    
-180.00000 -50.00000  40.00000  1851.8397     1.45318880E+08
-180.00000 -50.00000  50.00000  1003.4513      22274996.    
-180.00000 -50.00000  60.00000  180.85420      353499.28    
-180.00000 -50.00000  70.00000  37.046410      8866.7041    
-180.00000 -50.00000  80.00000  13.313785      468.33325    
-180.00000 -50.00000  90.00000  6.4096899      47.205376    
-180.00000 -50.00000 100.00000  3.8247786      9.6923437    
-180.00000 -50.00000 110.00000  2.8389578      4.5889645    
-180.00000 -50.00000 120.00000  2.5000019      3.7181654    
-180.00000 -50.00000 130.00000  2.4649086      3.6582680    
-180.00000 -50.00000 140.00000  2.6476135      3.8936892    
-180.00000 -50.00000 150.00000  3.0982189      4.4344568    
-180.00000 -50.00000 160.00000  3.9890642      5.5121307    
-180.00000 -50.00000 170.00000  5.6577692      7.6228933    
-180.00000 -40.00000-180.00000  34.220757      37.205666    
-180.00000 -40.00000-170.00000  60.358521      65.698944    
-180.00000 -40.00000-160.00000  95.257301      105.62821    
-180.00000 -40.00000-150.00000  122.70473      142.62085    
-180.00000 -40.00000-140.00000  122.13323      157.01434    
-180.00000 -40.00000-130.00000  93.715767      145.82373    
-180.00000 -40.00000-120.00000  58.353592      121.56100    
-180.00000 -40.00000-110.00000  32.353436      93.417183    
-180.00000 -40.00000-100.00000  17.936657      66.124710    
-180.00000 -40.00000 -90.00000  11.061034      44.607498    
-180.00000 -40.00000 -80.00000  7.9747458      30.699480    
-180.00000 -40.00000 -70.00000  6.6101255      22.226046    
-180.00000 -40.00000 -60.00000  6.0703249      17.048328    
-180.00000 -40.00000 -50.00000  6.0876379      15.660802    
-180.00000 -40.00000 -40.00000  6.8201666      22.216516    
-180.00000 -40.00000 -30.00000  9.0181475      55.083694    
-180.00000 -40.00000 -20.00000  14.823455      224.00629    
-180.00000 -40.00000 -10.00000  30.281282      1302.2607    
-180.00000 -40.00000   0.00000  75.708809      9247.6064    
-180.00000 -40.00000  10.00000  314.14725      134362.45    
-180.00000 -40.00000  20.00000  3914.1367      19127132.    
-180.00000 -40.00000  30.00000  41968.262     2.00000000E+09
-180.00000 -40.00000  40.00000  42740.266     2.00000000E+09
-180.00000 -40.00000  50.00000  4034.3477      20619948.    
-180.00000 -40.00000  60.00000  303.66745      116665.66    
-180.00000 -40.00000  70.00000  65.996872      2981.5298    
-180.00000 -40.00000  80.00000  25.485384      201.40620    
-180.00000 -40.00000  90.00000  12.728734      31.386549    
-180.00000 -40.00000 100.00000  8.2967196      11.700006    
-180.00000 -40.00000 110.00000  6.7702456      8.2162428    
-180.00000 -40.00000 120.00000  6.3304796      7.5356512    
-180.00000 -40.00000 130.00000  6.4274397      7.6447668    
-180.00000 -40.00000 140.00000  7.0448694      8.3135481    
-180.00000 -40.00000 150.00000  8.5645208      9.9167070    
-180.00000 -40.00000 160.00000  11.968156      13.498822    
-180.00000 -40.00000 170.00000  19.325787      21.284773    
-180.00000 -30.00000-180.00000  163.82033      166.73120    
-180.00000 -30.00000-170.00000  304.97964      310.11838    
-180.00000 -30.00000-160.00000  452.93622      462.81369    
-180.00000 -30.00000-150.00000  494.02072      512.85596    
-180.00000 -30.00000-140.00000  387.74072      420.58524    
-180.00000 -30.00000-130.00000  230.08263      279.04633    
-180.00000 -30.00000-120.00000  114.39070      173.72079    
-180.00000 -30.00000-110.00000  54.513901      111.55422    
-180.00000 -30.00000-100.00000  28.759478      72.764084    
-180.00000 -30.00000 -90.00000  18.516998      47.099987    
-180.00000 -30.00000 -80.00000  14.490439      31.363668    
-180.00000 -30.00000 -70.00000  12.944531      22.895433    
-180.00000 -30.00000 -60.00000  12.634631      19.583124    
-180.00000 -30.00000 -50.00000  13.549848      22.168444    
-180.00000 -30.00000 -40.00000  16.973988      40.740120    
-180.00000 -30.00000 -30.00000  27.258329      136.92911    
-180.00000 -30.00000 -20.00000  58.227394      773.66132    
-180.00000 -30.00000 -10.00000  158.03218      6436.7930    
-180.00000 -30.00000   0.00000  666.34045      100184.46    
-180.00000 -30.00000  10.00000  13454.556      13431309.    
-180.00000 -30.00000  20.00000  750892.63     2.00000000E+09
-180.00000 -30.00000  30.00000  3044109.8     2.00000000E+09
-180.00000 -30.00000  40.00000  121705.00     8.60856384E+08
-180.00000 -30.00000  50.00000  2585.7581      900480.88    
-180.00000 -30.00000  60.00000  290.37421      12298.685    
-180.00000 -30.00000  70.00000  88.977417      621.92657    
-180.00000 -30.00000  80.00000  36.393227      83.428825    
-180.00000 -30.00000  90.00000  19.988689      26.798738    
-180.00000 -30.00000 100.00000  14.727401      16.657326    
-180.00000 -30.00000 110.00000  13.100905      14.359284    
-180.00000 -30.00000 120.00000  12.895389      14.100188    
-180.00000 -30.00000 130.00000  13.727778      14.967900    
-180.00000 -30.00000 140.00000  16.290325      17.578653    
-180.00000 -30.00000 150.00000  22.897570      24.261900    
-180.00000 -30.00000 160.00000  39.466625      40.998260    
-180.00000 -30.00000 170.00000  79.189819      81.127502    
-180.00000 -20.00000-180.00000  821.18384      823.99615    
-180.00000 -20.00000-170.00000  1380.8513      1385.7316    
-180.00000 -20.00000-160.00000  1630.0564      1639.3126    
-180.00000 -20.00000-150.00000  1299.7826      1317.2810    
-180.00000 -20.00000-140.00000  736.16425      766.55298    
-180.00000 -20.00000-130.00000  332.62411      377.94724    
-180.00000 -20.00000-120.00000  139.00926      194.17702    
-180.00000 -20.00000-110.00000  63.230515      116.60070    
-180.00000 -20.00000-100.00000  35.919624      77.162529    
-180.00000 -20.00000 -90.00000  26.156538      52.538723    
-180.00000 -20.00000 -80.00000  22.643526      37.497974    
-180.00000 -20.00000 -70.00000  21.733488      29.975664    
-180.00000 -20.00000 -60.00000  22.886324      29.280863    
-180.00000 -20.00000 -50.00000  28.101637      40.993935    
-180.00000 -20.00000 -40.00000  45.302799      102.21143    
-180.00000 -20.00000 -30.00000  102.49565      478.46707    
-180.00000 -20.00000 -20.00000  304.02148      3923.4714    
-180.00000 -20.00000 -10.00000  1270.5538      67081.813    
-180.00000 -20.00000   0.00000  28753.217      6643517.5    
-180.00000 -20.00000  10.00000  6725614.5     2.00000000E+09
-180.00000 -20.00000  20.00000 2.59217344E+08 2.00000000E+09
-180.00000 -20.00000  30.00000  2729200.8     2.00000000E+09
-180.00000 -20.00000  40.00000  14870.673      2691999.8    
-180.00000 -20.00000  50.00000  951.07574      27864.801    
-180.00000 -20.00000  60.00000  245.71098      1287.2932    
-180.00000 -20.00000  70.00000  85.433136      170.79712    
-180.00000 -20.00000  80.00000  40.164970      51.521961    
-180.00000 -20.00000  90.00000  26.735601      29.312452    
-180.00000 -20.00000 100.00000  22.694479      24.021151    
-180.00000 -20.00000 110.00000  21.865557      23.052645    
-180.00000 -20.00000 120.00000  22.961454      24.176836    
-180.00000 -20.00000 130.00000  27.081972      28.339849    
-180.00000 -20.00000 140.00000  38.822701      40.123837    
-180.00000 -20.00000 150.00000  71.629410      72.999176    
-180.00000 -20.00000 160.00000  161.02701      162.55206    
-180.00000 -20.00000 170.00000  382.48218      384.38675    
-180.00000 -10.00000-180.00000  2989.7278      2992.0867    
-180.00000 -10.00000-170.00000  3705.4473      3709.2271    
-180.00000 -10.00000-160.00000  2958.2769      2964.9888    
-180.00000 -10.00000-150.00000  1605.2277      1617.3636    
-180.00000 -10.00000-140.00000  674.26392      694.87122    
-180.00000 -10.00000-130.00000  256.86572      287.61694    
-180.00000 -10.00000-120.00000  105.05172      143.39822    
-180.00000 -10.00000-110.00000  54.023956      92.832138    
-180.00000 -10.00000-100.00000  36.944553      68.741776    
-180.00000 -10.00000 -90.00000  31.148252      52.776890    
-180.00000 -10.00000 -80.00000  29.625479      42.538929    
-180.00000 -10.00000 -70.00000  31.084581      39.028103    
-180.00000 -10.00000 -60.00000  38.292702      47.458813    
-180.00000 -10.00000 -50.00000  63.387909      96.289261    
-180.00000 -10.00000 -40.00000  152.52116      369.27679    
-180.00000 -10.00000 -30.00000  489.30029      2709.4299    
-180.00000 -10.00000 -20.00000  2081.4717      48101.109    
-180.00000 -10.00000 -10.00000  44830.945      4066899.3    
-180.00000 -10.00000   0.00000  24650904.     2.00000000E+09
-180.00000 -10.00000  10.00000 2.00000000E+09 2.00000000E+09
-180.00000 -10.00000  20.00000  20692208.     2.00000000E+09
-180.00000 -10.00000  30.00000  40200.398      3526325.3    
-180.00000 -10.00000  40.00000  1984.5765      38044.059    
-180.00000 -10.00000  50.00000  469.96420      1887.6616    
-180.00000 -10.00000  60.00000  146.93726      265.38190    
-180.00000 -10.00000  70.00000  61.872131      77.636696    
-180.00000 -10.00000  80.00000  38.047218      41.297874    
-180.00000 -10.00000  90.00000  31.135977      32.523750    
-180.00000 -10.00000 100.00000  29.616808      30.763731    
-180.00000 -10.00000 110.00000  31.021410      32.189037    
-180.00000 -10.00000 120.00000  36.895088      38.109653    
-180.00000 -10.00000 130.00000  54.612816      55.864532    
-180.00000 -10.00000 140.00000  107.56258      108.84697    
-180.00000 -10.00000 150.00000  264.14810      265.48242    
-180.00000 -10.00000 160.00000  691.63538      693.08234    
-180.00000 -10.00000 170.00000  1636.5516      1638.2711    
-180.00000   0.00000-180.00000  4981.1748      4983.3198    
-180.00000   0.00000-170.00000  3962.5569      3965.8223    
-180.00000   0.00000-160.00000  2110.5969      2116.1445    
-180.00000   0.00000-150.00000  863.64081      873.36792    
-180.00000   0.00000-140.00000  320.25140      336.49142    
-180.00000   0.00000-130.00000  128.00282      152.15283    
-180.00000   0.00000-120.00000  64.911453      95.324173    
-180.00000   0.00000-110.00000  44.244938      75.708824    
-180.00000   0.00000-100.00000  37.380745      63.978889    
-180.00000   0.00000 -90.00000  35.589760      54.387703    
-180.00000   0.00000 -80.00000  37.181828      49.152264    
-180.00000   0.00000 -70.00000  45.272141      54.928436    
-180.00000   0.00000 -60.00000  74.073738      97.649529    
-180.00000   0.00000 -50.00000  179.16000      330.95047    
-180.00000   0.00000 -40.00000  587.76288      2264.9368    
-180.00000   0.00000 -30.00000  2529.4597      41537.055    
-180.00000   0.00000 -20.00000  53096.898      3482182.8    
-180.00000   0.00000 -10.00000  38452108.     2.00000000E+09
-180.00000   0.00000   0.00000 2.00000000E+09 2.00000000E+09
-180.00000   0.00000  10.00000  38454232.     2.00000000E+09
-180.00000   0.00000  20.00000  53098.914      3482315.3    
-180.00000   0.00000  30.00000  2529.8579      41538.371    
-180.00000   0.00000  40.00000  588.22479      2265.0330    
-180.00000   0.00000  50.00000  179.66115      330.38629    
-180.00000   0.00000  60.00000  74.543648      95.599052    
-180.00000   0.00000  70.00000  45.621807      49.884106    
-180.00000   0.00000  80.00000  37.327263      38.892620    
-180.00000   0.00000  90.00000  35.479446      36.625957    
-180.00000   0.00000 100.00000  37.018452      38.153786    
-180.00000   0.00000 110.00000  43.694462      44.878529    
-180.00000   0.00000 120.00000  64.276299      65.503372    
-180.00000   0.00000 130.00000  127.38883      128.64642    
-180.00000   0.00000 140.00000  319.73401      321.01785    
-180.00000   0.00000 150.00000  863.25500      864.57910    
-180.00000   0.00000 160.00000  2110.3464      2111.7617    
-180.00000   0.00000 170.00000  3962.4290      3964.0637    
-180.00000  10.00000-180.00000  2996.3054      2998.2341    
-180.00000  10.00000-170.00000  1643.2296      1645.9901    
-180.00000  10.00000-160.00000  698.41180      702.84100    
-180.00000  10.00000-150.00000  271.02216      278.46823    
-180.00000  10.00000-140.00000  114.52324      126.65382    
-180.00000  10.00000-130.00000  61.627411      79.533356    
-180.00000  10.00000-120.00000  43.900002      66.660049    
-180.00000  10.00000-110.00000  37.929939      62.067017    
-180.00000  10.00000-100.00000  36.343517      57.542809    
-180.00000  10.00000 -90.00000  37.627674      53.527855    
-180.00000  10.00000 -80.00000  44.303371      56.489716    
-180.00000  10.00000 -70.00000  67.944511      88.530907    
-180.00000  10.00000 -60.00000  152.91130      273.68704    
-180.00000  10.00000 -50.00000  475.93045      1894.6160    
-180.00000  10.00000 -40.00000  1990.6017      38049.574    
-180.00000  10.00000 -30.00000  40205.543      3526200.5    
-180.00000  10.00000 -20.00000  20691316.     2.00000000E+09
-180.00000  10.00000 -10.00000 2.00000000E+09 2.00000000E+09
-180.00000  10.00000   0.00000  24652250.     2.00000000E+09
-180.00000  10.00000  10.00000  44839.172      4067055.5    
-180.00000  10.00000  20.00000  2088.2981      48108.984    
-180.00000  10.00000  30.00000  496.19519      2716.2341    
-180.00000  10.00000  40.00000  159.47670      375.82217    
-180.00000  10.00000  50.00000  70.358459      102.14939    
-180.00000  10.00000  60.00000  45.207455      51.702225    
-180.00000  10.00000  70.00000  37.857090      39.934711    
-180.00000  10.00000  80.00000  36.172905      37.411118    
-180.00000  10.00000  90.00000  37.419003      38.537167    
-180.00000  10.00000 100.00000  42.944767      44.089104    
-180.00000  10.00000 110.00000  59.827324      61.016434    
-180.00000  10.00000 120.00000  110.77997      112.00533    
-180.00000  10.00000 130.00000  262.64471      263.89587    
-180.00000  10.00000 140.00000  680.18341      681.45654    
-180.00000  10.00000 150.00000  1611.3302      1612.6355    
-180.00000  10.00000 160.00000  2964.5635      2965.9395    
-180.00000  10.00000 170.00000  3711.8945      3713.4382    
-180.00000  20.00000-180.00000  834.07239      835.81445    
-180.00000  20.00000-170.00000  395.48727      397.82867    
-180.00000  20.00000-160.00000  174.12576      177.64975    
-180.00000  20.00000-150.00000  84.803879      90.438721    
-180.00000  20.00000-140.00000  52.051624      60.951660    
-180.00000  20.00000-130.00000  40.328434      53.314281    
-180.00000  20.00000-120.00000  36.165981      52.790302    
-180.00000  20.00000-110.00000  34.950485      53.033260    
-180.00000  20.00000-100.00000  35.582813      52.246960    
-180.00000  20.00000 -90.00000  39.378258      53.573395    
-180.00000  20.00000 -80.00000  52.563084      71.417336    
-180.00000  20.00000 -70.00000  97.642853      187.23225    
-180.00000  20.00000 -60.00000  257.82819      1301.5148    
-180.00000  20.00000 -50.00000  963.20422      27877.236    
-180.00000  20.00000 -40.00000  14882.594      2691915.3    
-180.00000  20.00000 -30.00000  2729170.8     2.00000000E+09
-180.00000  20.00000 -20.00000 2.59223168E+08 2.00000000E+09
-180.00000  20.00000 -10.00000  6725982.5     2.00000000E+09
-180.00000  20.00000   0.00000  28767.160      6643770.5    
-180.00000  20.00000  10.00000  1283.6199      67096.414    
-180.00000  20.00000  20.00000  317.18188      3936.6597    
-180.00000  20.00000  30.00000  115.73970      491.57748    
-180.00000  20.00000  40.00000  58.596054      115.03966    
-180.00000  20.00000  50.00000  41.389870      53.027420    
-180.00000  20.00000  60.00000  36.092430      39.478760    
-180.00000  20.00000  70.00000  34.762527      36.335602    
-180.00000  20.00000  80.00000  35.400169      36.568005    
-180.00000  20.00000  90.00000  38.575123      39.685890    
-180.00000  20.00000 100.00000  47.999283      49.136978    
-180.00000  20.00000 110.00000  75.056595      76.233505    
-180.00000  20.00000 120.00000  150.73825      151.94807    
-180.00000  20.00000 130.00000  344.42871      345.66290    
-180.00000  20.00000 140.00000  748.17346      749.42792    
-180.00000  20.00000 150.00000  1312.0503      1313.3313    
-180.00000  20.00000 160.00000  1642.5784      1643.9136    
-180.00000  20.00000 170.00000  1393.5818      1395.0420    
-180.00000  30.00000-180.00000  187.04761      188.64900    
-180.00000  30.00000-170.00000  102.53220      104.56957    
-180.00000  30.00000-160.00000  62.890572      65.775146    
-180.00000  30.00000-150.00000  46.377663      50.755981    
-180.00000  30.00000-140.00000  39.800533      46.479290    
-180.00000  30.00000-130.00000  37.231731      46.823837    
-180.00000  30.00000-120.00000  36.340202      48.661194    
-180.00000  30.00000-110.00000  36.420071      50.169254    
-180.00000  30.00000-100.00000  37.855537      51.528835    
-180.00000  30.00000 -90.00000  42.884586      58.973373    
-180.00000  30.00000 -80.00000  59.060593      112.35720    
-180.00000  30.00000 -70.00000  111.47178      648.09875    
-180.00000  30.00000 -60.00000  312.79031      12322.811    
-180.00000  30.00000 -50.00000  2608.1755      900478.75    
-180.00000  30.00000 -40.00000  121727.49     8.60822848E+08
-180.00000  30.00000 -30.00000  3044188.8     2.00000000E+09
-180.00000  30.00000 -20.00000  750949.75     2.00000000E+09
-180.00000  30.00000 -10.00000  13478.123      13431907.    
-180.00000  30.00000   0.00000  689.61908      100210.09    
-180.00000  30.00000  10.00000  181.43359      6460.2510    
-180.00000  30.00000  20.00000  81.734245      797.05023    
-180.00000  30.00000  30.00000  50.842293      160.15039    
-180.00000  30.00000  40.00000  40.596725      63.427025    
-180.00000  30.00000  50.00000  37.156387      43.635029    
-180.00000  30.00000  60.00000  36.149426      38.681023    
-180.00000  30.00000  70.00000  36.275211      37.717110    
-180.00000  30.00000  80.00000  37.543530      38.692013    
-180.00000  30.00000  90.00000  41.226814      42.324364    
-180.00000  30.00000 100.00000  51.124084      52.242020    
-180.00000  30.00000 110.00000  76.619392      77.772652    
-180.00000  30.00000 120.00000  136.39883      137.58434    
-180.00000  30.00000 130.00000  252.17436      253.38506    
-180.00000  30.00000 140.00000  410.05103      411.28238    
-180.00000  30.00000 150.00000  516.60699      517.86212    
-180.00000  30.00000 160.00000  475.78604      477.08432    
-180.00000  30.00000 170.00000  328.04553      329.43845    
-180.00000  40.00000-180.00000  71.207809      72.715759    
-180.00000  40.00000-170.00000  56.427574      58.272804    
-180.00000  40.00000-160.00000  49.144131      51.635090    
-180.00000  40.00000-150.00000  45.783127      49.398567    
-180.00000  40.00000-140.00000  44.275711      49.611179    
-180.00000  40.00000-130.00000  43.632835      51.158745    
-180.00000  40.00000-120.00000  43.460308      53.121815    
-180.00000  40.00000-110.00000  43.764397      54.864212    
-180.00000  40.00000-100.00000  45.097679      57.802353    
-180.00000  40.00000 -90.00000  49.301868      75.540398    
-180.00000  40.00000 -80.00000  61.838280      243.05096    
-180.00000  40.00000 -70.00000  102.18684      3020.9087    
-180.00000  40.00000 -60.00000  339.78961      116701.73    
-180.00000  40.00000 -50.00000  4070.5122      20619632.    
-180.00000  40.00000 -40.00000  42777.371     2.00000000E+09
-180.00000  40.00000 -30.00000  42006.098     2.00000000E+09
-180.00000  40.00000 -20.00000  3950.9399      19128090.    
-180.00000  40.00000 -10.00000  351.02393      134402.70    
-180.00000  40.00000   0.00000  112.74538      9284.7285    
-180.00000  40.00000  10.00000  67.452187      1339.2889    
-180.00000  40.00000  20.00000  52.098583      260.90509    
-180.00000  40.00000  30.00000  46.364098      91.522987    
-180.00000  40.00000  40.00000  44.194626      57.467140    
-180.00000  40.00000  50.00000  43.432888      48.436829    
-180.00000  40.00000  60.00000  43.309875      45.689754    
-180.00000  40.00000  70.00000  43.652672      45.126854    
-180.00000  40.00000  80.00000  44.729023      45.900215    
-180.00000  40.00000  90.00000  47.463230      48.556095    
-180.00000  40.00000 100.00000  53.986206      55.082741    
-180.00000  40.00000 110.00000  68.139656      69.264954    
-180.00000  40.00000 120.00000  94.044373      95.201126    
-180.00000  40.00000 130.00000  129.50034      130.68393    
-180.00000  40.00000 140.00000  158.15227      159.35825    
-180.00000  40.00000 150.00000  159.01624      160.24574    
-180.00000  40.00000 160.00000  131.84839      133.11537    
-180.00000  40.00000 170.00000  97.177910      98.521667    
-180.00000  50.00000-180.00000  5760.6104      5763.2964    
-180.00000  50.00000-170.00000  5757.3525      5761.9385    
-180.00000  50.00000-160.00000  5755.4668      5764.0581    
-180.00000  50.00000-150.00000  5754.4697      5770.5874    
-180.00000  50.00000-140.00000  5754.0029      5781.9302    
-180.00000  50.00000-130.00000  5753.8184      5795.6826    
-180.00000  50.00000-120.00000  5753.7739      5805.7031    
-180.00000  50.00000-110.00000  5753.9004      5807.1191    
-180.00000  50.00000-100.00000  5754.5625      5805.7139    
-180.00000  50.00000 -90.00000  5756.8115      5838.5293    
-180.00000  50.00000 -80.00000  5763.5142      6263.1748    
-180.00000  50.00000 -70.00000  5787.3345      14674.130    
-180.00000  50.00000 -60.00000  5931.6582      359336.47    
-180.00000  50.00000 -50.00000  6755.2935      22280822.    
-180.00000  50.00000 -40.00000  7605.1895     1.45330256E+08
-180.00000  50.00000 -30.00000  6430.7949      7569891.0    
-180.00000  50.00000 -20.00000  5875.9268      139065.20    
-180.00000  50.00000 -10.00000  5788.9229      16149.190    
-180.00000  50.00000   0.00000  5768.5610      7934.4175    
-180.00000  50.00000  10.00000  5760.1284      6238.5444    
-180.00000  50.00000  20.00000  5756.2041      5874.7979    
-180.00000  50.00000  30.00000  5754.3867      5789.7397    
-180.00000  50.00000  40.00000  5753.6021      5765.8545    
-180.00000  50.00000  50.00000  5753.3315      5758.1548    
-180.00000  50.00000  60.00000  5753.3301      5755.6323    
-180.00000  50.00000  70.00000  5753.5444      5755.0156    
-180.00000  50.00000  80.00000  5754.1279      5755.3599    
-180.00000  50.00000  90.00000  5755.5117      5756.7036    
-180.00000  50.00000 100.00000  5758.4478      5759.6572    
-180.00000  50.00000 110.00000  5763.7480      5764.9849    
-180.00000  50.00000 120.00000  5771.2905      5772.5518    
-180.00000  50.00000 130.00000  5778.6855      5779.9673    
-180.00000  50.00000 140.00000  5781.9355      5783.2427    
-180.00000  50.00000 150.00000  5779.1357      5780.4976    
-180.00000  50.00000 160.00000  5772.5298      5774.0308    
-180.00000  50.00000 170.00000  5765.7197      5767.5693    
   0.00000-150.00000-180.00000  83.150269      85.252586    
   0.00000-150.00000-170.00000  77.025566      80.238754    
   0.00000-150.00000-160.00000  72.170044      77.727821    
   0.00000-150.00000-150.00000  69.092171      79.238998    
   0.00000-150.00000-140.00000  67.494385      85.648048    
   0.00000-150.00000-130.00000  66.898010      96.955490    
   0.00000-150.00000-120.00000  66.953308      112.17463    
   0.00000-150.00000-110.00000  67.536644      135.58090    
   0.00000-150.00000-100.00000  68.796021      208.74115    
   0.00000-150.00000 -90.00000  71.201897      529.28186    
   0.00000-150.00000 -80.00000  75.478912      1723.6986    
   0.00000-150.00000 -70.00000  81.915115      4390.1899    
   0.00000-150.00000 -60.00000  89.939919      6299.4697    
   0.00000-150.00000 -50.00000  103.03381      7067.1978    
   0.00000-150.00000 -40.00000  139.17561      31614.563    
   0.00000-150.00000 -30.00000  225.51691      212971.17    
   0.00000-150.00000 -20.00000  295.57901      503980.88    
   0.00000-150.00000 -10.00000  228.66354      231322.09    
   0.00000-150.00000   0.00000  136.46870      34194.477    
   0.00000-150.00000  10.00000  94.108910      3769.2847    
   0.00000-150.00000  20.00000  77.812737      532.89252    
   0.00000-150.00000  30.00000  70.812607      147.98325    
   0.00000-150.00000  40.00000  67.727020      86.225899    
   0.00000-150.00000  50.00000  66.526009      72.422325    
   0.00000-150.00000  60.00000  66.278099      68.713814    
   0.00000-150.00000  70.00000  66.573875      67.959297    
   0.00000-150.00000  80.00000  67.286247      68.374138    
   0.00000-150.00000  90.00000  68.432587      69.470650    
   0.00000-150.00000 100.00000  70.093452      71.158333    
   0.00000-150.00000 110.00000  72.405991      73.515068    
   0.00000-150.00000 120.00000  75.614342      76.765923    
   0.00000-150.00000 130.00000  79.964348      81.153343    
   0.00000-150.00000 140.00000  85.160088      86.386444    
   0.00000-150.00000 150.00000  89.701279      90.979713    
   0.00000-150.00000 160.00000  91.294655      92.673241    
   0.00000-150.00000 170.00000  88.725571      90.325874    
   0.00000-140.00000-180.00000  52.401146      54.508884    
   0.00000-140.00000-170.00000  49.018219      52.263454    
   0.00000-140.00000-160.00000  46.527561      52.168861    
   0.00000-140.00000-150.00000  45.033165      55.333019    
   0.00000-140.00000-140.00000  44.320267      62.643162    
   0.00000-140.00000-130.00000  44.131920      74.159027    
   0.00000-140.00000-120.00000  44.291805      89.039406    
   0.00000-140.00000-110.00000  44.753902      112.30241    
   0.00000-140.00000-100.00000  45.644096      184.61664    
   0.00000-140.00000 -90.00000  47.287071      467.66965    
   0.00000-140.00000 -80.00000  50.092178      1319.8066    
   0.00000-140.00000 -70.00000  54.178104      2685.1123    
   0.00000-140.00000 -60.00000  59.865032      3389.8101    
   0.00000-140.00000 -50.00000  70.952835      6238.4043    
   0.00000-140.00000 -40.00000  97.234749      33492.742    
   0.00000-140.00000 -30.00000  136.40897      128783.44    
   0.00000-140.00000 -20.00000  140.97202      146698.22    
   0.00000-140.00000 -10.00000  102.08323      45231.039    
   0.00000-140.00000   0.00000  70.131821      6923.7969    
   0.00000-140.00000  10.00000  55.266865      980.00873    
   0.00000-140.00000  20.00000  48.638306      203.41158    
   0.00000-140.00000  30.00000  45.540642      82.756538    
   0.00000-140.00000  40.00000  44.166946      56.355434    
   0.00000-140.00000  50.00000  43.685280      48.512215    
   0.00000-140.00000  60.00000  43.679890      45.947350    
   0.00000-140.00000  70.00000  43.965229      45.325741    
   0.00000-140.00000  80.00000  44.493572      45.566624    
   0.00000-140.00000  90.00000  45.297871      46.313187    
   0.00000-140.00000 100.00000  46.459236      47.495464    
   0.00000-140.00000 110.00000  48.103630      49.182636    
   0.00000-140.00000 120.00000  50.380783      51.504452    
   0.00000-140.00000 130.00000  53.290646      54.455746    
   0.00000-140.00000 140.00000  56.330135      57.536976    
   0.00000-140.00000 150.00000  58.364727      59.627575    
   0.00000-140.00000 160.00000  58.266277      59.633045    
   0.00000-140.00000 170.00000  55.924648      57.518604    
   0.00000-130.00000-180.00000  31.118177      33.291306    
   0.00000-130.00000-170.00000  29.521620      32.937695    
   0.00000-130.00000-160.00000  28.405478      34.439228    
   0.00000-130.00000-150.00000  27.779051      38.871891    
   0.00000-130.00000-140.00000  27.533392      47.206829    
   0.00000-130.00000-130.00000  27.543459      59.374096    
   0.00000-130.00000-120.00000  27.717558      74.137840    
   0.00000-130.00000-110.00000  28.034105      95.891273    
   0.00000-130.00000-100.00000  28.580194      159.33531    
   0.00000-130.00000 -90.00000  29.557104      376.36682    
   0.00000-130.00000 -80.00000  31.171309      896.82257    
   0.00000-130.00000 -70.00000  33.495232      1508.0381    
   0.00000-130.00000 -60.00000  37.003258      1933.9512    
   0.00000-130.00000 -50.00000  43.838856      4941.0259    
   0.00000-130.00000 -40.00000  56.253056      20369.252    
   0.00000-130.00000 -30.00000  66.858345      44406.238    
   0.00000-130.00000 -20.00000  61.458172      31942.920    
   0.00000-130.00000 -10.00000  47.122105      8905.5498    
   0.00000-130.00000   0.00000  36.920540      1618.2892    
   0.00000-130.00000  10.00000  31.673269      316.48715    
   0.00000-130.00000  20.00000  29.047647      99.177406    
   0.00000-130.00000  30.00000  27.759577      52.474903    
   0.00000-130.00000  40.00000  27.203764      37.793720    
   0.00000-130.00000  50.00000  27.055315      32.009911    
   0.00000-130.00000  60.00000  27.135164      29.697691    
   0.00000-130.00000  70.00000  27.358225      28.944571    
   0.00000-130.00000  80.00000  27.706007      28.922468    
   0.00000-130.00000  90.00000  28.206007      29.294405    
   0.00000-130.00000 100.00000  28.915705      29.972731    
   0.00000-130.00000 110.00000  29.909410      30.978746    
   0.00000-130.00000 120.00000  31.234697      32.336781    
   0.00000-130.00000 130.00000  32.790565      33.933384    
   0.00000-130.00000 140.00000  34.190117      35.379017    
   0.00000-130.00000 150.00000  34.843258      36.094791    
   0.00000-130.00000 160.00000  34.363232      35.728848    
   0.00000-130.00000 170.00000  32.922470      34.535534    
   0.00000-120.00000-180.00000  17.387875      19.661438    
   0.00000-120.00000-170.00000  16.750284      20.418802    
   0.00000-120.00000-160.00000  16.329811      22.938417    
   0.00000-120.00000-150.00000  16.130497      28.389883    
   0.00000-120.00000-140.00000  16.107779      37.791729    
   0.00000-120.00000-130.00000  16.197838      50.747601    
   0.00000-120.00000-120.00000  16.340475      65.146683    
   0.00000-120.00000-110.00000  16.512327      83.465103    
   0.00000-120.00000-100.00000  16.761444      130.74323    
   0.00000-120.00000 -90.00000  17.201448      271.04816    
   0.00000-120.00000 -80.00000  17.930691      541.50427    
   0.00000-120.00000 -70.00000  18.996365      790.42676    
   0.00000-120.00000 -60.00000  20.677397      1073.0151    
   0.00000-120.00000 -50.00000  23.672785      2746.0015    
   0.00000-120.00000 -40.00000  27.735003      7746.1299    
   0.00000-120.00000 -30.00000  29.540083      11099.797    
   0.00000-120.00000 -20.00000  26.699938      6502.1543    
   0.00000-120.00000 -10.00000  22.304201      1944.5237    
   0.00000-120.00000   0.00000  19.163576      457.63260    
   0.00000-120.00000  10.00000  17.364420      134.04179    
   0.00000-120.00000  20.00000  16.381172      61.611370    
   0.00000-120.00000  30.00000  15.882845      38.390110    
   0.00000-120.00000  40.00000  15.684700      27.824457    
   0.00000-120.00000  50.00000  15.668585      22.427790    
   0.00000-120.00000  60.00000  15.755329      19.834871    
   0.00000-120.00000  70.00000  15.899717      18.713722    
   0.00000-120.00000  80.00000  16.089926      18.202490    
   0.00000-120.00000  90.00000  16.342209      17.964323    
   0.00000-120.00000 100.00000  16.690189      17.991735    
   0.00000-120.00000 110.00000  17.169180      18.316345    
   0.00000-120.00000 120.00000  17.783785      18.892660    
   0.00000-120.00000 130.00000  18.452547      19.581463    
   0.00000-120.00000 140.00000  18.978399      20.152849    
   0.00000-120.00000 150.00000  19.129503      20.373503    
   0.00000-120.00000 160.00000  18.809519      20.180960    
   0.00000-120.00000 170.00000  18.145077      19.792387    
   0.00000-110.00000-180.00000  9.2298489      11.634239    
   0.00000-110.00000-170.00000  9.0386448      13.028070    
   0.00000-110.00000-160.00000  8.9361839      16.270079    
   0.00000-110.00000-150.00000  8.9330006      22.662115    
   0.00000-110.00000-140.00000  9.0123348      33.231579    
   0.00000-110.00000-130.00000  9.1322041      47.124245    
   0.00000-110.00000-120.00000  9.2394600      61.132221    
   0.00000-110.00000-110.00000  9.3029690      75.676727    
   0.00000-110.00000-100.00000  9.3459110      107.95488    
   0.00000-110.00000 -90.00000  9.4359436      193.10176    
   0.00000-110.00000 -80.00000  9.6246452      328.80173    
   0.00000-110.00000 -70.00000  9.9338379      425.42767    
   0.00000-110.00000 -60.00000  10.472414      541.35938    
   0.00000-110.00000 -50.00000  11.398281      1105.9790    
   0.00000-110.00000 -40.00000  12.417463      2221.2161    
   0.00000-110.00000 -30.00000  12.621813      2495.9578    
   0.00000-110.00000 -20.00000  11.733801      1416.6469    
   0.00000-110.00000 -10.00000  10.551607      505.27658    
   0.00000-110.00000   0.00000  9.6602497      170.18448    
   0.00000-110.00000  10.00000  9.0934391      79.103798    
   0.00000-110.00000  20.00000  8.7523994      50.495232    
   0.00000-110.00000  30.00000  8.5737495      36.803848    
   0.00000-110.00000  40.00000  8.5171757      27.944086    
   0.00000-110.00000  50.00000  8.5432949      22.385782    
   0.00000-110.00000  60.00000  8.6118336      19.788992    
   0.00000-110.00000  70.00000  8.6914616      18.146553    
   0.00000-110.00000  80.00000  8.7700596      15.743862    
   0.00000-110.00000  90.00000  8.8560829      13.112270    
   0.00000-110.00000 100.00000  8.9701023      11.352787    
   0.00000-110.00000 110.00000  9.1320972      10.623919    
   0.00000-110.00000 120.00000  9.3449020      10.533543    
   0.00000-110.00000 130.00000  9.5750351      10.709375    
   0.00000-110.00000 140.00000  9.7500191      10.917051    
   0.00000-110.00000 150.00000  9.7944736      11.036343    
   0.00000-110.00000 160.00000  9.6850796      11.069883    
   0.00000-110.00000 170.00000  9.4692421      11.164898    
   0.00000-100.00000-180.00000  4.8218613      7.3487759    
   0.00000-100.00000-170.00000  4.8198872      9.1087837    
   0.00000-100.00000-160.00000  4.8566799      12.871868    
   0.00000-100.00000-150.00000  4.9456367      20.071623    
   0.00000-100.00000-140.00000  5.0795727      31.762110    
   0.00000-100.00000-130.00000  5.2232647      46.780022    
   0.00000-100.00000-120.00000  5.3254356      61.457142    
   0.00000-100.00000-110.00000  5.3530827      76.590302    
   0.00000-100.00000-100.00000  5.3219051      110.26196    
   0.00000-100.00000 -90.00000  5.2783318      192.04155    
   0.00000-100.00000 -80.00000  5.2368011      300.31058    
   0.00000-100.00000 -70.00000  5.1772041      335.67648    
   0.00000-100.00000 -60.00000  5.1451015      313.67987    
   0.00000-100.00000 -50.00000  5.2314415      401.90933    
   0.00000-100.00000 -40.00000  5.3792439      586.09418    
   0.00000-100.00000 -30.00000  5.3898983      580.93634    
   0.00000-100.00000 -20.00000  5.2132931      355.65457    
   0.00000-100.00000 -10.00000  4.9890079      168.43243    
   0.00000-100.00000   0.00000  4.8098831      91.019844    
   0.00000-100.00000  10.00000  4.6764870      67.012260    
   0.00000-100.00000  20.00000  4.5814962      59.563709    
   0.00000-100.00000  30.00000  4.5337343      55.329487    
   0.00000-100.00000  40.00000  4.5394735      50.760212    
   0.00000-100.00000  50.00000  4.5893803      52.487812    
   0.00000-100.00000  60.00000  4.6561909      60.921734    
   0.00000-100.00000  70.00000  4.7066574      58.696171    
   0.00000-100.00000  80.00000  4.7255497      39.998878    
   0.00000-100.00000  90.00000  4.7223110      21.016878    
   0.00000-100.00000 100.00000  4.7145290      10.915081    
   0.00000-100.00000 110.00000  4.7164288      7.1989746    
   0.00000-100.00000 120.00000  4.7369270      6.1421986    
   0.00000-100.00000 130.00000  4.7757320      5.9458847    
   0.00000-100.00000 140.00000  4.8198547      5.9890556    
   0.00000-100.00000 150.00000  4.8502712      6.0948124    
   0.00000-100.00000 160.00000  4.8558884      6.2562561    
   0.00000-100.00000 170.00000  4.8410263      6.5835838    
   0.00000 -90.00000-180.00000  2.3804913      5.0400829    
   0.00000 -90.00000-170.00000  2.4737043      7.0844116    
   0.00000 -90.00000-160.00000  2.5970755      11.350468    
   0.00000 -90.00000-150.00000  2.7627487      19.429560    
   0.00000 -90.00000-140.00000  2.9616823      32.439819    
   0.00000 -90.00000-130.00000  3.1526070      48.969421    
   0.00000 -90.00000-120.00000  3.2759008      65.107796    
   0.00000 -90.00000-110.00000  3.2951136      83.128181    
   0.00000 -90.00000-100.00000  3.2300243      126.03804    
   0.00000 -90.00000 -90.00000  3.1266851      226.21013    
   0.00000 -90.00000 -80.00000  2.9788465      343.75552    
   0.00000 -90.00000 -70.00000  2.7380199      348.33978    
   0.00000 -90.00000 -60.00000  2.4441099      247.36075    
   0.00000 -90.00000 -50.00000  2.2196388      183.35576    
   0.00000 -90.00000 -40.00000  2.1179762      179.99234    
   0.00000 -90.00000 -30.00000  2.1003332      163.20674    
   0.00000 -90.00000 -20.00000  2.1255560      117.21114    
   0.00000 -90.00000 -10.00000  2.1767387      82.792442    
   0.00000 -90.00000   0.00000  2.2335491      73.935219    
   0.00000 -90.00000  10.00000  2.2813463      84.314270    
   0.00000 -90.00000  20.00000  2.3301058      108.73064    
   0.00000 -90.00000  30.00000  2.4031715      134.79057    
   0.00000 -90.00000  40.00000  2.5256519      178.65402    
   0.00000 -90.00000  50.00000  2.7025614      319.61719    
   0.00000 -90.00000  60.00000  2.8542995      503.45010    
   0.00000 -90.00000  70.00000  2.8554354      448.00095    
   0.00000 -90.00000  80.00000  2.7147398      216.25955    
   0.00000 -90.00000  90.00000  2.5452871      69.272491    
   0.00000 -90.00000 100.00000  2.4047804      19.565403    
   0.00000 -90.00000 110.00000  2.2945480      6.8928814    
   0.00000 -90.00000 120.00000  2.2119799      4.0032377    
   0.00000 -90.00000 130.00000  2.1630592      3.4000034    
   0.00000 -90.00000 140.00000  2.1533785      3.3355331    
   0.00000 -90.00000 150.00000  2.1803751      3.4344921    
   0.00000 -90.00000 160.00000  2.2339106      3.6556597    
   0.00000 -90.00000 170.00000  2.3024502      4.0983114    
   0.00000 -80.00000-180.00000  1.0957279      3.9039192    
   0.00000 -80.00000-170.00000  1.3150854      6.2845554    
   0.00000 -80.00000-160.00000  1.5965824      11.175516    
   0.00000 -80.00000-150.00000  1.9474859      20.338449    
   0.00000 -80.00000-140.00000  2.3327112      34.890938    
   0.00000 -80.00000-130.00000  2.6565228      52.833866    
   0.00000 -80.00000-120.00000  2.7960768      68.889778    
   0.00000 -80.00000-110.00000  2.6879692      83.341286    
   0.00000 -80.00000-100.00000  2.3864136      114.97250    
   0.00000 -80.00000 -90.00000  2.0088415      188.28760    
   0.00000 -80.00000 -80.00000  1.6192217      269.13461    
   0.00000 -80.00000 -70.00000  1.2128286      261.55142    
   0.00000 -80.00000 -60.00000 0.82332039      172.05202    
   0.00000 -80.00000 -50.00000 0.53863811      99.239639    
   0.00000 -80.00000 -40.00000 0.40878963      71.446564    
   0.00000 -80.00000 -30.00000 0.42153835      62.030918    
   0.00000 -80.00000 -20.00000 0.54008007      57.655468    
   0.00000 -80.00000 -10.00000 0.72733498      63.886639    
   0.00000 -80.00000   0.00000 0.96051121      91.421555    
   0.00000 -80.00000  10.00000  1.2512445      163.11685    
   0.00000 -80.00000  20.00000  1.6439056      296.05283    
   0.00000 -80.00000  30.00000  2.2248821      509.37582    
   0.00000 -80.00000  40.00000  3.2153845      1353.1237    
   0.00000 -80.00000  50.00000  4.6998081      4542.1675    
   0.00000 -80.00000  60.00000  5.5964890      7855.3887    
   0.00000 -80.00000  70.00000  4.6925335      4805.4536    
   0.00000 -80.00000  80.00000  3.0563440      1283.9585    
   0.00000 -80.00000  90.00000  1.9116116      234.14278    
   0.00000 -80.00000 100.00000  1.2855005      40.788036    
   0.00000 -80.00000 110.00000 0.93901920      8.6067429    
   0.00000 -80.00000 120.00000 0.74355412      2.9893131    
   0.00000 -80.00000 130.00000 0.64751244      1.9617319    
   0.00000 -80.00000 140.00000 0.63021851      1.8335352    
   0.00000 -80.00000 150.00000 0.67886639      1.9496756    
   0.00000 -80.00000 160.00000 0.77981472      2.2295389    
   0.00000 -80.00000 170.00000 0.92031097      2.7779150    
   0.00000 -70.00000-180.00000  1.3152246      4.2472820    
   0.00000 -70.00000-170.00000  1.9564667      7.2185173    
   0.00000 -70.00000-160.00000  2.8762302      13.122587    
   0.00000 -70.00000-150.00000  4.0783215      23.849211    
   0.00000 -70.00000-140.00000  5.3659840      40.324886    
   0.00000 -70.00000-130.00000  6.2917843      59.583973    
   0.00000 -70.00000-120.00000  6.3873882      74.354973    
   0.00000 -70.00000-110.00000  5.5636864      81.483887    
   0.00000 -70.00000-100.00000  4.2083607      92.509224    
   0.00000 -70.00000 -90.00000  2.8385191      123.35281    
   0.00000 -70.00000 -80.00000  1.7434006      157.71793    
   0.00000 -70.00000 -70.00000 0.95420933      149.09677    
   0.00000 -70.00000 -60.00000 0.41856098      98.997253    
   0.00000 -70.00000 -50.00000 0.10648918      54.820446    
   0.00000 -70.00000 -40.00000 0.00000000E+00  35.767078    
   0.00000 -70.00000 -30.00000 7.75718689E-02  33.914330    
   0.00000 -70.00000 -20.00000 0.32602978      44.214035    
   0.00000 -70.00000 -10.00000 0.76461315      76.062958    
   0.00000 -70.00000   0.00000  1.4885845      174.35138    
   0.00000 -70.00000  10.00000  2.7231407      461.92828    
   0.00000 -70.00000  20.00000  4.9142876      1115.6243    
   0.00000 -70.00000  30.00000  9.5225487      3663.2109    
   0.00000 -70.00000  40.00000  21.411745      28534.713    
   0.00000 -70.00000  50.00000  42.514576      167311.91    
   0.00000 -70.00000  60.00000  47.102791      221184.36    
   0.00000 -70.00000  70.00000  26.505186      52875.105    
   0.00000 -70.00000  80.00000  10.730440      5539.2896    
   0.00000 -70.00000  90.00000  4.5021267      540.77362    
   0.00000 -70.00000 100.00000  2.0807686      65.443062    
   0.00000 -70.00000 110.00000  1.0069160      10.917509    
   0.00000 -70.00000 120.00000 0.51948738      3.0326958    
   0.00000 -70.00000 130.00000 0.32669926      1.6934443    
   0.00000 -70.00000 140.00000 0.30223274      1.5300455    
   0.00000 -70.00000 150.00000 0.39351082      1.6860809    
   0.00000 -70.00000 160.00000 0.58343315      2.0624075    
   0.00000 -70.00000 170.00000 0.87914085      2.7916918    
   0.00000 -60.00000-180.00000  4.9688072      7.9753609    
   0.00000 -60.00000-170.00000  7.7476788      13.175159    
   0.00000 -60.00000-160.00000  12.250017      22.862730    
   0.00000 -60.00000-150.00000  18.441048      38.947681    
   0.00000 -60.00000-140.00000  24.738092      60.907459    
   0.00000 -60.00000-130.00000  28.059992      82.679916    
   0.00000 -60.00000-120.00000  26.231813      94.082634    
   0.00000 -60.00000-110.00000  20.349792      90.581894    
   0.00000 -60.00000-100.00000  13.584085      81.284821    
   0.00000 -60.00000 -90.00000  8.2583199      79.423294    
   0.00000 -60.00000 -80.00000  4.8841534      82.341431    
   0.00000 -60.00000 -70.00000  2.9931850      73.205009    
   0.00000 -60.00000 -60.00000  2.0089321      50.497784    
   0.00000 -60.00000 -50.00000  1.5609035      30.503115    
   0.00000 -60.00000 -40.00000  1.4756384      22.747797    
   0.00000 -60.00000 -30.00000  1.7178812      27.914446    
   0.00000 -60.00000 -20.00000  2.3883018      52.425941    
   0.00000 -60.00000 -10.00000  3.8193798      139.29305    
   0.00000 -60.00000   0.00000  6.8387775      487.53427    
   0.00000 -60.00000  10.00000  13.363443      1741.7721    
   0.00000 -60.00000  20.00000  29.461813      6558.4375    
   0.00000 -60.00000  30.00000  91.701248      82735.789    
   0.00000 -60.00000  40.00000  378.68262      2472592.5    
   0.00000 -60.00000  50.00000  875.28943      24493276.    
   0.00000 -60.00000  60.00000  581.75397      7665049.5    
   0.00000 -60.00000  70.00000  152.59274      285374.63    
   0.00000 -60.00000  80.00000  38.671726      10625.996    
   0.00000 -60.00000  90.00000  14.256113      664.07214    
   0.00000 -60.00000 100.00000  6.5513401      70.020676    
   0.00000 -60.00000 110.00000  3.5108814      12.803040    
   0.00000 -60.00000 120.00000  2.2939959      4.6950874    
   0.00000 -60.00000 130.00000  1.8651190      3.2357750    
   0.00000 -60.00000 140.00000  1.8183117      3.0688972    
   0.00000 -60.00000 150.00000  2.0239849      3.3405523    
   0.00000 -60.00000 160.00000  2.4985361      4.0037298    
   0.00000 -60.00000 170.00000  3.3811512      5.3319912    
   0.00000 -50.00000-180.00000  21.542780      24.571180    
   0.00000 -50.00000-170.00000  38.184021      43.639847    
   0.00000 -50.00000-160.00000  67.233604      77.884216    
   0.00000 -50.00000-150.00000  106.55527      127.09288    
   0.00000 -50.00000-140.00000  139.73943      175.83923    
   0.00000 -50.00000-130.00000  143.93777      198.08479    
   0.00000 -50.00000-120.00000  115.56660      181.74258    
   0.00000 -50.00000-110.00000  75.149162      140.48897    
   0.00000 -50.00000-100.00000  42.625546      97.786240    
   0.00000 -50.00000 -90.00000  23.230261      68.384804    
   0.00000 -50.00000 -80.00000  13.481102      52.114372    
   0.00000 -50.00000 -70.00000  9.0008430      40.508694    
   0.00000 -50.00000 -60.00000  7.0557098      29.402273    
   0.00000 -50.00000 -50.00000  6.3489799      21.803808    
   0.00000 -50.00000 -40.00000  6.4294319      21.893126    
   0.00000 -50.00000 -30.00000  7.4050007      36.120750    
   0.00000 -50.00000 -20.00000  10.084843      95.051056    
   0.00000 -50.00000 -10.00000  16.828426      373.95499    
   0.00000 -50.00000   0.00000  34.074310      1813.3295    
   0.00000 -50.00000  10.00000  82.080894      8892.3789    
   0.00000 -50.00000  20.00000  301.02649      104581.31    
   0.00000 -50.00000  30.00000  2692.3955      9745630.0    
   0.00000 -50.00000  40.00000  22862.568     2.00000000E+09
   0.00000 -50.00000  50.00000  31187.625     2.00000000E+09
   0.00000 -50.00000  60.00000  5019.1333      41009580.    
   0.00000 -50.00000  70.00000  475.91788      267945.56    
   0.00000 -50.00000  80.00000  99.087624      6714.7798    
   0.00000 -50.00000  90.00000  36.733479      423.74628    
   0.00000 -50.00000 100.00000  17.134588      56.753628    
   0.00000 -50.00000 110.00000  10.045559      16.461096    
   0.00000 -50.00000 120.00000  7.4944286      9.4970379    
   0.00000 -50.00000 130.00000  6.7038593      8.0363083    
   0.00000 -50.00000 140.00000  6.7495880      8.0177803    
   0.00000 -50.00000 150.00000  7.4859695      8.8258648    
   0.00000 -50.00000 160.00000  9.2851315      10.811728    
   0.00000 -50.00000 170.00000  13.213614      15.184526    
   0.00000 -40.00000-180.00000  114.69923      117.69740    
   0.00000 -40.00000-170.00000  241.77188      247.12640    
   0.00000 -40.00000-160.00000  464.43954      474.82489    
   0.00000 -40.00000-150.00000  723.52423      743.45496    
   0.00000 -40.00000-140.00000  838.93958      873.83545    
   0.00000 -40.00000-130.00000  701.96027      754.08331    
   0.00000 -40.00000-120.00000  438.97702      502.19986    
   0.00000 -40.00000-110.00000  223.98434      285.06384    
   0.00000 -40.00000-100.00000  104.87730      153.08182    
   0.00000 -40.00000 -90.00000  51.424110      84.987587    
   0.00000 -40.00000 -80.00000  29.744059      52.486607    
   0.00000 -40.00000 -70.00000  21.280882      36.916065    
   0.00000 -40.00000 -60.00000  18.144474      29.146715    
   0.00000 -40.00000 -50.00000  17.496389      27.115541    
   0.00000 -40.00000 -40.00000  18.908112      34.449261    
   0.00000 -40.00000 -30.00000  24.049067      70.712074    
   0.00000 -40.00000 -20.00000  39.030392      250.56018    
   0.00000 -40.00000 -10.00000  83.282707      1351.6514    
   0.00000 -40.00000   0.00000  222.01564      8787.6172    
   0.00000 -40.00000  10.00000  835.94336      88709.984    
   0.00000 -40.00000  20.00000  11750.106      8016178.5    
   0.00000 -40.00000  30.00000  552619.00     2.00000000E+09
   0.00000 -40.00000  40.00000  4488728.5     2.00000000E+09
   0.00000 -40.00000  50.00000  398463.47     2.00000000E+09
   0.00000 -40.00000  60.00000  8653.0205      4798576.5    
   0.00000 -40.00000  70.00000  702.64618      46356.488    
   0.00000 -40.00000  80.00000  191.62520      1881.0394    
   0.00000 -40.00000  90.00000  72.187920      205.01477    
   0.00000 -40.00000 100.00000  34.795872      51.792976    
   0.00000 -40.00000 110.00000  22.565195      26.113829    
   0.00000 -40.00000 120.00000  18.624414      20.190128    
   0.00000 -40.00000 130.00000  17.808643      19.084175    
   0.00000 -40.00000 140.00000  18.894993      20.172302    
   0.00000 -40.00000 150.00000  22.638403      23.995878    
   0.00000 -40.00000 160.00000  32.284462      33.823799    
   0.00000 -40.00000 170.00000  56.413723      58.384289    
   0.00000 -30.00000-180.00000  836.94818      839.87628    
   0.00000 -30.00000-170.00000  1957.4786      1962.6356    
   0.00000 -30.00000-160.00000  3645.9685      3655.8647    
   0.00000 -30.00000-150.00000  4772.1348      4790.9893    
   0.00000 -30.00000-140.00000  4127.7788      4160.6426    
   0.00000 -30.00000-130.00000  2439.0449      2488.0276    
   0.00000 -30.00000-120.00000  1098.8584      1158.2073    
   0.00000 -30.00000-110.00000  435.24854      492.30646    
   0.00000 -30.00000-100.00000  176.32332      220.34349    
   0.00000 -30.00000 -90.00000  84.951080      113.54544    
   0.00000 -30.00000 -80.00000  53.370861      70.248062    
   0.00000 -30.00000 -70.00000  42.495060      52.439663    
   0.00000 -30.00000 -60.00000  39.562950      46.503891    
   0.00000 -30.00000 -50.00000  41.629417      50.320675    
   0.00000 -30.00000 -40.00000  51.873707      76.247795    
   0.00000 -30.00000 -30.00000  85.441360      198.43607    
   0.00000 -30.00000 -20.00000  197.96225      923.18280    
   0.00000 -30.00000 -10.00000  600.59509      6562.3574    
   0.00000 -30.00000   0.00000  2334.1907      69937.766    
   0.00000 -30.00000  10.00000  31540.832      3438615.5    
   0.00000 -30.00000  20.00000  6513109.5     2.00000000E+09
   0.00000 -30.00000  30.00000 1.66585152E+09 2.00000000E+09
   0.00000 -30.00000  40.00000  47828560.     2.00000000E+09
   0.00000 -30.00000  50.00000  124995.13      19649546.    
   0.00000 -30.00000  60.00000  4039.4055      135450.06    
   0.00000 -30.00000  70.00000  863.49237      4916.1025    
   0.00000 -30.00000  80.00000  264.96408      550.06879    
   0.00000 -30.00000  90.00000  103.86829      136.89594    
   0.00000 -30.00000 100.00000  57.388271      63.052334    
   0.00000 -30.00000 110.00000  43.416389      45.222855    
   0.00000 -30.00000 120.00000  39.874794      41.125801    
   0.00000 -30.00000 130.00000  41.429108      42.652050    
   0.00000 -30.00000 140.00000  49.382191      50.660027    
   0.00000 -30.00000 150.00000  72.703918      74.070015    
   0.00000 -30.00000 160.00000  139.53574      141.07750    
   0.00000 -30.00000 170.00000  329.94669      331.89920    
   0.00000 -20.00000-180.00000  7259.4248      7262.2554    
   0.00000 -20.00000-170.00000  15750.143      15755.042    
   0.00000 -20.00000-160.00000  22555.693      22564.969    
   0.00000 -20.00000-150.00000  19430.191      19447.709    
   0.00000 -20.00000-140.00000  10476.178      10506.586    
   0.00000 -20.00000-130.00000  4089.6265      4134.9668    
   0.00000 -20.00000-120.00000  1377.6526      1432.8333    
   0.00000 -20.00000-110.00000  473.08182      526.45709    
   0.00000 -20.00000-100.00000  195.19199      236.42531    
   0.00000 -20.00000 -90.00000  109.42976      135.77583    
   0.00000 -20.00000 -80.00000  82.211761      96.984863    
   0.00000 -20.00000 -70.00000  74.829674      82.928452    
   0.00000 -20.00000 -60.00000  78.252213      84.499519    
   0.00000 -20.00000 -50.00000  98.678284      111.99232    
   0.00000 -20.00000 -40.00000  171.45056      232.92468    
   0.00000 -20.00000 -30.00000  442.90240      845.96912    
   0.00000 -20.00000 -20.00000  1550.1642      5143.4243    
   0.00000 -20.00000 -10.00000  6645.0015      54702.887    
   0.00000 -20.00000   0.00000  69728.375      1764591.6    
   0.00000 -20.00000  10.00000  27649428.     4.17274784E+08
   0.00000 -20.00000  20.00000 2.00000000E+09 2.00000000E+09
   0.00000 -20.00000  30.00000 1.24467814E+09 2.00000000E+09
   0.00000 -20.00000  40.00000  521924.91      13465275.    
   0.00000 -20.00000  50.00000  13983.182      153319.81    
   0.00000 -20.00000  60.00000  2774.3918      7756.8794    
   0.00000 -20.00000  70.00000  723.81177      1093.8739    
   0.00000 -20.00000  80.00000  241.85168      284.51895    
   0.00000 -20.00000  90.00000  118.12006      124.71185    
   0.00000 -20.00000 100.00000  83.766045      85.437851    
   0.00000 -20.00000 110.00000  75.101662      76.171783    
   0.00000 -20.00000 120.00000  77.739639      78.842850    
   0.00000 -20.00000 130.00000  94.363419      95.559624    
   0.00000 -20.00000 140.00000  147.53882      148.81503    
   0.00000 -20.00000 150.00000  317.14252      318.50897    
   0.00000 -20.00000 160.00000  870.55090      872.08447    
   0.00000 -20.00000 170.00000  2610.4312      2612.3506    
   0.00000 -10.00000-180.00000  47385.891      47388.266    
   0.00000 -10.00000-170.00000  69126.852      69130.648    
   0.00000 -10.00000-160.00000  55891.203      55897.934    
   0.00000 -10.00000-150.00000  26679.668      26691.818    
   0.00000 -10.00000-140.00000  9070.2734      9090.8906    
   0.00000 -10.00000-130.00000  2692.1479      2722.9006    
   0.00000 -10.00000-120.00000  830.77460      869.10626    
   0.00000 -10.00000-110.00000  314.94278      353.70618    
   0.00000 -10.00000-100.00000  167.45148      199.14880    
   0.00000 -10.00000 -90.00000  123.25299      144.68358    
   0.00000 -10.00000 -80.00000  112.06073      124.62068    
   0.00000 -10.00000 -70.00000  118.76340      126.22150    
   0.00000 -10.00000 -60.00000  155.99500      165.33842    
   0.00000 -10.00000 -50.00000  295.56760      335.44620    
   0.00000 -10.00000 -40.00000  860.65533      1134.3667    
   0.00000 -10.00000 -30.00000  3422.5713      6004.3789    
   0.00000 -10.00000 -20.00000  16426.154      55508.738    
   0.00000 -10.00000 -10.00000  155242.47      1440756.9    
   0.00000 -10.00000   0.00000  71557400.     1.35794992E+08
   0.00000 -10.00000  10.00000 2.00000000E+09 2.00000000E+09
   0.00000 -10.00000  20.00000 1.04902784E+09 5.38811200E+08
   0.00000 -10.00000  30.00000  534901.13      4632844.0    
   0.00000 -10.00000  40.00000  27027.529      110127.66    
   0.00000 -10.00000  50.00000  5268.1343      9164.3125    
   0.00000 -10.00000  60.00000  1244.2727      1574.1331    
   0.00000 -10.00000  70.00000  384.32352      423.76651    
   0.00000 -10.00000  80.00000  179.13402      184.71872    
   0.00000 -10.00000  90.00000  124.99382      126.12370    
   0.00000 -10.00000 100.00000  112.17030      112.93359    
   0.00000 -10.00000 110.00000  117.79297      118.71886    
   0.00000 -10.00000 120.00000  148.88625      149.97246    
   0.00000 -10.00000 130.00000  253.18710      254.37799    
   0.00000 -10.00000 140.00000  612.18634      613.44739    
   0.00000 -10.00000 150.00000  1901.9722      1903.3035    
   0.00000 -10.00000 160.00000  6441.5698      6443.0244    
   0.00000 -10.00000 170.00000  20083.230      20084.963    
   0.00000   0.00000-180.00000  104736.09      104738.25    
   0.00000   0.00000-170.00000  76644.141      76647.414    
   0.00000   0.00000-160.00000  33050.289      33055.852    
   0.00000   0.00000-150.00000  10384.460      10394.191    
   0.00000   0.00000-140.00000  2934.8962      2951.1289    
   0.00000   0.00000-130.00000  888.48682      912.60718    
   0.00000   0.00000-120.00000  340.73566      371.07721    
   0.00000   0.00000-110.00000  187.09352      218.41000    
   0.00000   0.00000-100.00000  141.88377      168.19904    
   0.00000   0.00000 -90.00000  131.75232      150.05638    
   0.00000   0.00000 -80.00000  143.05354      154.38602    
   0.00000   0.00000 -70.00000  196.99739      207.26315    
   0.00000   0.00000 -60.00000  404.07010      440.67789    
   0.00000   0.00000 -50.00000  1281.2476      1549.1962    
   0.00000   0.00000 -40.00000  5477.5610      8256.9600    
   0.00000   0.00000 -30.00000  28063.012      76119.406    
   0.00000   0.00000 -20.00000  314886.47      2012684.4    
   0.00000   0.00000 -10.00000 2.33974144E+08 1.45692400E+08
   0.00000   0.00000   0.00000 2.00000000E+09 2.00000000E+09
   0.00000   0.00000  10.00000 2.33988032E+08 1.45696400E+08
   0.00000   0.00000  20.00000  314894.63      2012736.5    
   0.00000   0.00000  30.00000  28063.652      76120.875    
   0.00000   0.00000  40.00000  5478.0615      8257.1064    
   0.00000   0.00000  50.00000  1281.7563      1548.6409    
   0.00000   0.00000  60.00000  404.54147      438.62897    
   0.00000   0.00000  70.00000  197.34749      202.21930    
   0.00000   0.00000  80.00000  143.19910      144.12651    
   0.00000   0.00000  90.00000  131.64203      132.29462    
   0.00000   0.00000 100.00000  141.52141      142.37384    
   0.00000   0.00000 110.00000  186.54282      187.57947    
   0.00000   0.00000 120.00000  340.09924      341.25513    
   0.00000   0.00000 130.00000  887.86853      889.09644    
   0.00000   0.00000 140.00000  2934.3638      2935.6406    
   0.00000   0.00000 150.00000  10384.025      10385.354    
   0.00000   0.00000 160.00000  33049.855      33051.281    
   0.00000   0.00000 170.00000  76643.898      76645.555    
   0.00000  10.00000-180.00000  47392.977      47394.922    
   0.00000  10.00000-170.00000  20090.260      20093.033    
   0.00000  10.00000-160.00000  6448.5894      6453.0264    
   0.00000  10.00000-150.00000  1909.0592      1916.5023    
   0.00000  10.00000-140.00000  619.35291      631.46014    
   0.00000  10.00000-130.00000  260.40524      278.25040    
   0.00000  10.00000-120.00000  156.09402      178.72575    
   0.00000  10.00000-110.00000  124.90417      148.79955    
   0.00000  10.00000-100.00000  119.09962      139.91528    
   0.00000  10.00000 -90.00000  131.68805      147.33032    
   0.00000  10.00000 -80.00000  185.59238      200.11269    
   0.00000  10.00000 -70.00000  390.59665      434.86111    
   0.00000  10.00000 -60.00000  1250.4421      1582.6298    
   0.00000  10.00000 -50.00000  5274.2710      9171.3945    
   0.00000  10.00000 -40.00000  27033.545      110132.09    
   0.00000  10.00000 -30.00000  534891.13      4632711.5    
   0.00000  10.00000 -20.00000 1.04896077E+09 5.38793344E+08
   0.00000  10.00000 -10.00000 2.00000000E+09 2.00000000E+09
   0.00000  10.00000   0.00000  71561192.     1.35798928E+08
   0.00000  10.00000  10.00000  155252.88      1440799.5    
   0.00000  10.00000  20.00000  16433.336      55516.586    
   0.00000  10.00000  30.00000  3429.6975      6011.4146    
   0.00000  10.00000  40.00000  867.81842      1141.1205    
   0.00000  10.00000  50.00000  302.74188      341.51016    
   0.00000  10.00000  60.00000  163.11276      169.78487    
   0.00000  10.00000  70.00000  125.73862      127.33083    
   0.00000  10.00000  80.00000  118.81078      119.69550    
   0.00000  10.00000  90.00000  129.72632      130.64642    
   0.00000  10.00000 100.00000  173.65414      174.69859    
   0.00000  10.00000 110.00000  320.94803      322.09238    
   0.00000  10.00000 120.00000  836.70282      837.91339    
   0.00000  10.00000 130.00000  2698.1206      2699.3730    
   0.00000  10.00000 140.00000  9076.3672      9077.6504    
   0.00000  10.00000 150.00000  26685.908      26687.229    
   0.00000  10.00000 160.00000  55897.727      55899.121    
   0.00000  10.00000 170.00000  69133.656      69135.219    
   0.00000  20.00000-180.00000  7272.6782      7274.4380    
   0.00000  20.00000-170.00000  2623.7646      2626.1208    
   0.00000  20.00000-160.00000  883.96661      887.49915    
   0.00000  20.00000-150.00000  330.63028      336.26181    
   0.00000  20.00000-140.00000  161.08003      169.95517    
   0.00000  20.00000-130.00000  107.92197      120.84616    
   0.00000  20.00000-120.00000  91.256187      107.76838    
   0.00000  20.00000-110.00000  88.498573      106.46439    
   0.00000  20.00000-100.00000  96.966316      113.97557    
   0.00000  20.00000 -90.00000  131.07449      149.28452    
   0.00000  20.00000 -80.00000  254.56079      304.72485    
   0.00000  20.00000 -70.00000  736.33118      1110.6147    
   0.00000  20.00000 -60.00000  2786.8096      7771.3271    
   0.00000  20.00000 -50.00000  13995.493      153329.61    
   0.00000  20.00000 -40.00000  521920.78      13464819.    
   0.00000  20.00000 -30.00000 1.24461158E+09 2.00000000E+09
   0.00000  20.00000 -20.00000 2.00000000E+09 2.00000000E+09
   0.00000  20.00000 -10.00000  27650850.     4.17289504E+08
   0.00000  20.00000   0.00000  69743.352      1764650.1    
   0.00000  20.00000  10.00000  6658.4321      54717.156    
   0.00000  20.00000  20.00000  1563.6472      5156.9272    
   0.00000  20.00000  30.00000  456.46069      859.39264    
   0.00000  20.00000  40.00000  185.05640      246.06570    
   0.00000  20.00000  50.00000  112.27866      124.33795    
   0.00000  20.00000  60.00000  91.770355      95.009445    
   0.00000  20.00000  70.00000  88.170708      89.600380    
   0.00000  20.00000  80.00000  95.280380      96.366844    
   0.00000  20.00000  90.00000  122.16028      123.23492    
   0.00000  20.00000 100.00000  207.58319      208.71132    
   0.00000  20.00000 110.00000  485.21906      486.40100    
   0.00000  20.00000 120.00000  1389.6897      1390.9124    
   0.00000  20.00000 130.00000  4101.7427      4102.9937    
   0.00000  20.00000 140.00000  10488.490      10489.764    
   0.00000  20.00000 150.00000  19442.805      19444.105    
   0.00000  20.00000 160.00000  22568.635      22569.990    
   0.00000  20.00000 170.00000  15763.269      15764.748    
   0.00000  30.00000-180.00000  860.67896      862.29755    
   0.00000  30.00000-170.00000  353.78876      355.84094    
   0.00000  30.00000-160.00000  163.45860      166.35332    
   0.00000  30.00000-150.00000  96.682610      101.06268    
   0.00000  30.00000-140.00000  73.390869      80.059143    
   0.00000  30.00000-130.00000  65.431503      75.006432    
   0.00000  30.00000-120.00000  63.818035      76.185211    
   0.00000  30.00000-110.00000  67.233955      81.531197    
   0.00000  30.00000-100.00000  81.014786      98.422180    
   0.00000  30.00000 -90.00000  127.26241      169.56850    
   0.00000  30.00000 -80.00000  288.12946      579.49194    
   0.00000  30.00000 -70.00000  886.48322      4942.7095    
   0.00000  30.00000 -60.00000  4062.2878      135471.67    
   0.00000  30.00000 -50.00000  125015.09      19648834.    
   0.00000  30.00000 -40.00000  47827500.     2.00000000E+09
   0.00000  30.00000 -30.00000 1.66590272E+09 2.00000000E+09
   0.00000  30.00000 -20.00000  6513413.0     2.00000000E+09
   0.00000  30.00000 -10.00000  31565.229      3438733.5    
   0.00000  30.00000   0.00000  2357.9827      69962.609    
   0.00000  30.00000  10.00000  624.49847      6586.2842    
   0.00000  30.00000  20.00000  221.96831      947.06903    
   0.00000  30.00000  30.00000  109.52396      222.15591    
   0.00000  30.00000  40.00000  75.994926      99.433167    
   0.00000  30.00000  50.00000  65.734398      72.285698    
   0.00000  30.00000  60.00000  63.576176      66.100204    
   0.00000  30.00000  70.00000  66.324150      67.759743    
   0.00000  30.00000  80.00000  76.922348      78.074783    
   0.00000  30.00000  90.00000  108.15934      109.26825    
   0.00000  30.00000 100.00000  199.18622      200.31970    
   0.00000  30.00000 110.00000  457.85236      459.02325    
   0.00000  30.00000 120.00000  1121.3656      1122.5697    
   0.00000  30.00000 130.00000  2461.6384      2462.8679    
   0.00000  30.00000 140.00000  4150.6050      4151.8555    
   0.00000  30.00000 150.00000  4795.2461      4796.5200    
   0.00000  30.00000 160.00000  3669.3381      3670.6553    
   0.00000  30.00000 170.00000  1981.0538      1982.4651    
   0.00000  40.00000-180.00000  152.48660      154.00781    
   0.00000  40.00000-170.00000  94.315483      96.172310    
   0.00000  40.00000-160.00000  70.260315      72.759949    
   0.00000  40.00000-150.00000  60.656857      64.277603    
   0.00000  40.00000-140.00000  56.925671      62.269772    
   0.00000  40.00000-130.00000  55.813877      63.397991    
   0.00000  40.00000-120.00000  56.554081      66.576103    
   0.00000  40.00000-110.00000  60.359173      73.561607    
   0.00000  40.00000-100.00000  72.396629      98.694984    
   0.00000  40.00000 -90.00000  109.56084      249.96692    
   0.00000  40.00000 -80.00000  228.77765      1923.4641    
   0.00000  40.00000 -70.00000  739.63251      46395.836    
   0.00000  40.00000 -60.00000  8689.8516      4798488.5    
   0.00000  40.00000 -50.00000  398496.53     2.00000000E+09
   0.00000  40.00000 -40.00000  4488830.0     2.00000000E+09
   0.00000  40.00000 -30.00000  552672.75     2.00000000E+09
   0.00000  40.00000 -20.00000  11787.866      8016477.0    
   0.00000  40.00000 -10.00000  873.62433      88749.219    
   0.00000  40.00000   0.00000  259.85303      8825.4873    
   0.00000  40.00000  10.00000  121.25377      1389.4753    
   0.00000  40.00000  20.00000  77.105415      288.25824    
   0.00000  40.00000  30.00000  62.194874      107.95108    
   0.00000  40.00000  40.00000  57.082417      70.499725    
   0.00000  40.00000  50.00000  55.641483      60.691387    
   0.00000  40.00000  60.00000  56.183865      58.587986    
   0.00000  40.00000  70.00000  59.123264      60.616680    
   0.00000  40.00000  80.00000  67.298172      68.487152    
   0.00000  40.00000  90.00000  88.626106      89.735977    
   0.00000  40.00000 100.00000  141.72678      142.83966    
   0.00000  40.00000 110.00000  260.57043      261.71152    
   0.00000  40.00000 120.00000  475.46872      476.64081    
   0.00000  40.00000 130.00000  738.54651      739.74512    
   0.00000  40.00000 140.00000  875.76105      876.98175    
   0.00000  40.00000 150.00000  760.63861      761.88275    
   0.00000  40.00000 160.00000  501.83255      503.11398    
   0.00000  40.00000 170.00000  279.39224      280.75006    
   0.00000  50.00000-180.00000  4721.0532      4723.7466    
   0.00000  50.00000-170.00000  4712.4590      4717.0503    
   0.00000  50.00000-160.00000  4708.3135      4716.9077    
   0.00000  50.00000-150.00000  4706.4077      4722.5293    
   0.00000  50.00000-140.00000  4705.6553      4733.6040    
   0.00000  50.00000-130.00000  4705.6074      4747.6108    
   0.00000  50.00000-120.00000  4706.3184      4759.0322    
   0.00000  50.00000-110.00000  4708.6572      4766.5410    
   0.00000  50.00000-100.00000  4715.4224      4800.3247    
   0.00000  50.00000 -90.00000  4734.6855      5162.6172    
   0.00000  50.00000 -80.00000  4796.8384      11457.092    
   0.00000  50.00000 -70.00000  5173.7554      272696.59    
   0.00000  50.00000 -60.00000  9717.4863      41013628.    
   0.00000  50.00000 -50.00000  35887.414     2.00000000E+09
   0.00000  50.00000 -40.00000  27563.967     2.00000000E+09
   0.00000  50.00000 -30.00000  7394.7778      9751721.0    
   0.00000  50.00000 -20.00000  5003.9785      110509.69    
   0.00000  50.00000 -10.00000  4784.4814      14440.483    
   0.00000  50.00000   0.00000  4735.3213      6887.0859    
   0.00000  50.00000  10.00000  4717.0059      5197.0049    
   0.00000  50.00000  20.00000  4709.5420      4828.6152    
   0.00000  50.00000  30.00000  4706.4663      4741.9434    
   0.00000  50.00000  40.00000  4705.3008      4717.6035    
   0.00000  50.00000  50.00000  4705.1055      4709.9590    
   0.00000  50.00000  60.00000  4705.6660      4707.9902    
   0.00000  50.00000  70.00000  4707.3735      4708.8623    
   0.00000  50.00000  80.00000  4711.5210      4712.7681    
   0.00000  50.00000  90.00000  4720.8955      4722.1006    
   0.00000  50.00000 100.00000  4739.9805      4741.2012    
   0.00000  50.00000 110.00000  4772.3906      4773.6392    
   0.00000  50.00000 120.00000  4812.9990      4814.2705    
   0.00000  50.00000 130.00000  4841.8682      4843.1597    
   0.00000  50.00000 140.00000  4838.3433      4839.6602    
   0.00000  50.00000 150.00000  4805.7876      4807.1592    
   0.00000  50.00000 160.00000  4766.8516      4768.3618    
   0.00000  50.00000 170.00000  4737.8701      4739.7285    
