Ramachandran energy map for alanine. Grid size of 30 degrees used.              
*
  144
-180.00000-180.00000-180.00000  4.0056129      7.7520490    
-180.00000-180.00000-150.00000  4.8830862      38.529060    
-180.00000-180.00000-120.00000  5.6404042      112.65071    
-180.00000-180.00000 -90.00000  4.4632525      37.994438    
-180.00000-180.00000 -60.00000  3.3699923      7.9269376    
-180.00000-180.00000 -30.00000  3.4336281      23.923801    
-180.00000-180.00000   0.00000  4.0561953      251.24234    
-180.00000-180.00000  30.00000  4.3805451      24.797235    
-180.00000-180.00000  60.00000  4.5854440      6.7502313    
-180.00000-180.00000  90.00000  4.0361543      5.2531004    
-180.00000-180.00000 120.00000  3.4538445      4.7145343    
-180.00000-180.00000 150.00000  3.5090730      4.9144859    
-180.00000-150.00000-180.00000  1.7997350      5.5468140    
-180.00000-150.00000-150.00000  2.6831710      36.342407    
-180.00000-150.00000-120.00000  3.4430258      110.47921    
-180.00000-150.00000 -90.00000  2.2681699      35.836964    
-180.00000-150.00000 -60.00000  1.1764138      5.8517475    
-180.00000-150.00000 -30.00000  1.2338668      35.564934    
-180.00000-150.00000   0.00000  1.8266107      89.468651    
-180.00000-150.00000  30.00000  2.1665094      17.810236    
-180.00000-150.00000  60.00000  2.3567255      4.4859362    
-180.00000-150.00000  90.00000  1.8109825      2.9392474    
-180.00000-150.00000 120.00000  1.2419807      2.4523602    
-180.00000-150.00000 150.00000  1.3077924      2.6951613    
-180.00000-120.00000-180.00000  1.4665027      5.2167187    
-180.00000-120.00000-150.00000  2.3410194      36.010101    
-180.00000-120.00000-120.00000  3.0898957      110.13894    
-180.00000-120.00000 -90.00000  1.9228392      35.505932    
-180.00000-120.00000 -60.00000 0.84713316      5.5748010    
-180.00000-120.00000 -30.00000 0.90680236      21.961229    
-180.00000-120.00000   0.00000  1.4721013      48.201233    
-180.00000-120.00000  30.00000  1.7577881      21.196487    
-180.00000-120.00000  60.00000  1.9196275      5.5398011    
-180.00000-120.00000  90.00000  1.4041865      2.5833712    
-180.00000-120.00000 120.00000 0.88370758      2.0213497    
-180.00000-120.00000 150.00000 0.97426558      2.3430066    
-180.00000 -90.00000-180.00000  1.4390844      5.1989264    
-180.00000 -90.00000-150.00000  2.3455436      36.025070    
-180.00000 -90.00000-120.00000  3.0629945      110.12173    
-180.00000 -90.00000 -90.00000  1.8534410      35.445286    
-180.00000 -90.00000 -60.00000 0.78047997      5.4042892    
-180.00000 -90.00000 -30.00000 0.82877606      16.611073    
-180.00000 -90.00000   0.00000  1.3747867      60.451057    
-180.00000 -90.00000  30.00000  1.7108299      128.14998    
-180.00000 -90.00000  60.00000  1.8033086      162.56813    
-180.00000 -90.00000  90.00000  1.2206199      12.268328    
-180.00000 -90.00000 120.00000 0.77526683      1.9469922    
-180.00000 -90.00000 150.00000 0.91704869      2.2829602    
-180.00000 -60.00000-180.00000  3.8876877      7.6703558    
-180.00000 -60.00000-150.00000  8.5175333      42.213894    
-180.00000 -60.00000-120.00000  9.0096960      116.08219    
-180.00000 -60.00000 -90.00000  3.8530209      37.452469    
-180.00000 -60.00000 -60.00000  1.8590510      6.4667659    
-180.00000 -60.00000 -30.00000  1.9863176      21.104740    
-180.00000 -60.00000   0.00000  5.0528488      483.68625    
-180.00000 -60.00000  30.00000  35.608883      64873.164    
-180.00000 -60.00000  60.00000  46.345867      150951.31    
-180.00000 -60.00000  90.00000  3.8347962      62.983517    
-180.00000 -60.00000 120.00000  1.8635639      3.1499276    
-180.00000 -60.00000 150.00000  2.1313086      3.5325980    
-180.00000 -30.00000-180.00000  162.76175      166.58070    
-180.00000 -30.00000-150.00000  493.41403      527.13794    
-180.00000 -30.00000-120.00000  114.16204      221.25618    
-180.00000 -30.00000 -90.00000  17.809931      51.414070    
-180.00000 -30.00000 -60.00000  11.622222      16.685257    
-180.00000 -30.00000 -30.00000  26.195911      135.57787    
-180.00000 -30.00000   0.00000  665.31757      100183.52    
-180.00000 -30.00000  30.00000  3044108.8     2.00000000E+09
-180.00000 -30.00000  60.00000  289.66049      12298.102    
-180.00000 -30.00000  90.00000  19.022543      25.919266    
-180.00000 -30.00000 120.00000  11.734408      13.010138    
-180.00000 -30.00000 150.00000  21.715361      23.180492    
-180.00000   0.00000-180.00000  4975.8711      4979.7104    
-180.00000   0.00000-150.00000  859.10425      892.84436    
-180.00000   0.00000-120.00000  61.001198      168.09131    
-180.00000   0.00000 -90.00000  30.840687      64.437546    
-180.00000   0.00000 -60.00000  68.689911      92.309326    
-180.00000   0.00000 -30.00000  2523.9883      41531.715    
-180.00000   0.00000   0.00000 2.00000000E+09 2.00000000E+09
-180.00000   0.00000  30.00000  2524.9673      41533.656    
-180.00000   0.00000  60.00000  69.905701      91.133202    
-180.00000   0.00000  90.00000  30.413588      31.696150    
-180.00000   0.00000 120.00000  58.814461      60.154964    
-180.00000   0.00000 150.00000  857.72662      859.22614    
-180.00000  30.00000-180.00000  162.93852      166.75748    
-180.00000  30.00000-150.00000  23.264488      56.970253    
-180.00000  30.00000-120.00000  14.096000      121.12157    
-180.00000  30.00000 -90.00000  19.624666      58.835636    
-180.00000  30.00000 -60.00000  288.62033      12299.237    
-180.00000  30.00000 -30.00000  3044164.3     2.00000000E+09
-180.00000  30.00000   0.00000  665.50519      100186.09    
-180.00000  30.00000  30.00000  27.318007      136.62735    
-180.00000  30.00000  60.00000  13.012701      15.683586    
-180.00000  30.00000  90.00000  17.557856      18.847746    
-180.00000  30.00000 120.00000  112.15083      113.49549    
-180.00000  30.00000 150.00000  492.21942      493.70273    
-180.00000  60.00000-180.00000  5.8912807      9.6739550    
-180.00000  60.00000-150.00000  5.5089130      39.150818    
-180.00000  60.00000-120.00000  6.0537128      113.08983    
-180.00000  60.00000 -90.00000  6.2654867      97.727997    
-180.00000  60.00000 -60.00000  47.134232      150954.61    
-180.00000  60.00000 -30.00000  36.665939      64875.707    
-180.00000  60.00000   0.00000  7.0564518      485.69260    
-180.00000  60.00000  30.00000  4.9368219      23.981733    
-180.00000  60.00000  60.00000  5.0780849      7.2936549    
-180.00000  60.00000  90.00000  5.4295111      6.7146668    
-180.00000  60.00000 120.00000  8.8267479      10.149487    
-180.00000  60.00000 150.00000  9.1471319      10.602935    
-180.00000  90.00000-180.00000  17.491829      21.251673    
-180.00000  90.00000-150.00000  18.343807      51.950344    
-180.00000  90.00000-120.00000  19.014580      125.93591    
-180.00000  90.00000 -90.00000  17.700464      61.062389    
-180.00000  90.00000 -60.00000  16.640602      179.79842    
-180.00000  90.00000 -30.00000  16.816658      143.32924    
-180.00000  90.00000   0.00000  17.427530      76.503716    
-180.00000  90.00000  30.00000  17.828440      33.537136    
-180.00000  90.00000  60.00000  18.048676      20.280313    
-180.00000  90.00000  90.00000  17.479084      18.756622    
-180.00000  90.00000 120.00000  16.929174      18.238401    
-180.00000  90.00000 150.00000  17.024275      18.463259    
-180.00000 120.00000-180.00000  47.771851      51.522068    
-180.00000 120.00000-150.00000  48.653629      82.262962    
-180.00000 120.00000-120.00000  49.375626      156.26302    
-180.00000 120.00000 -90.00000  48.136635      81.630112    
-180.00000 120.00000 -60.00000  47.009521      53.021873    
-180.00000 120.00000 -30.00000  47.116215      66.628471    
-180.00000 120.00000   0.00000  47.777447      94.506638    
-180.00000 120.00000  30.00000  48.159065      69.139931    
-180.00000 120.00000  60.00000  48.367931      50.703445    
-180.00000 120.00000  90.00000  47.801083      49.069885    
-180.00000 120.00000 120.00000  47.208672      48.507965    
-180.00000 120.00000 150.00000  47.272346      48.700871    
-180.00000 150.00000-180.00000  19.862440      23.609520    
-180.00000 150.00000-150.00000  20.744503      54.372459    
-180.00000 150.00000-120.00000  21.491257      128.45131    
-180.00000 150.00000 -90.00000  20.300787      53.743362    
-180.00000 150.00000 -60.00000  19.203976      23.725348    
-180.00000 150.00000 -30.00000  19.282293      34.999561    
-180.00000 150.00000   0.00000  19.889317      107.53101    
-180.00000 150.00000  30.00000  20.243490      54.501114    
-180.00000 150.00000  60.00000  20.454571      22.737740    
-180.00000 150.00000  90.00000  19.903772      21.158237    
-180.00000 150.00000 120.00000  19.319162      20.605295    
-180.00000 150.00000 150.00000  19.371862      20.790461    
