Ramachandran energy map for proline.                                            
Grid size of 15 degrees used                                                    
*       
  672
-180.00000-150.00000-180.00000  83.081963      85.196350    
-180.00000-150.00000-165.00000  74.310783      78.497452    
-180.00000-150.00000-150.00000  69.023102      79.177528    
-180.00000-150.00000-135.00000  67.028770      90.680672    
-180.00000-150.00000-120.00000  66.884850      112.11086    
-180.00000-150.00000-105.00000  67.992317      159.68063    
-180.00000-150.00000 -90.00000  71.133583      529.21741    
-180.00000-150.00000 -75.00000  78.390450      2912.4187    
-180.00000-150.00000 -60.00000  89.869820      6299.4209    
-180.00000-150.00000 -45.00000  116.20920      12335.199    
-180.00000-150.00000 -30.00000  225.44429      212972.91    
-180.00000-150.00000 -15.00000  276.52670      415497.13    
-180.00000-150.00000   0.00000  136.39365      34194.539    
-180.00000-150.00000  15.00000  84.095222      1336.3887    
-180.00000-150.00000  30.00000  70.739777      147.91333    
-180.00000-150.00000  45.00000  66.895042      77.013023    
-180.00000-150.00000  60.00000  66.210434      68.648529    
-180.00000-150.00000  75.00000  66.813728      68.008987    
-180.00000-150.00000  90.00000  68.368858      69.422241    
-180.00000-150.00000 105.00000  71.092789      72.199562    
-180.00000-150.00000 120.00000  75.550934      76.724609    
-180.00000-150.00000 135.00000  82.453896      83.681976    
-180.00000-150.00000 150.00000  89.635513      90.932228    
-180.00000-150.00000 165.00000  90.445297      91.927437    
-180.00000-135.00000-180.00000  40.886326      43.031029    
-180.00000-135.00000-165.00000  37.570778      41.916466    
-180.00000-135.00000-150.00000  35.824520      46.452442    
-180.00000-135.00000-135.00000  35.313515      59.718353    
-180.00000-135.00000-120.00000  35.491222      80.897758    
-180.00000-135.00000-105.00000  36.187283      127.15987    
-180.00000-135.00000 -90.00000  37.896893      425.78107    
-180.00000-135.00000 -75.00000  41.524136      1590.5300    
-180.00000-135.00000 -60.00000  47.804123      2548.5623    
-180.00000-135.00000 -45.00000  64.997459      12673.300    
-180.00000-135.00000 -30.00000  97.592407      79909.828    
-180.00000-135.00000 -15.00000  81.856056      41488.203    
-180.00000-135.00000   0.00000  51.064354      3275.9719    
-180.00000-135.00000  15.00000  39.748650      252.89445    
-180.00000-135.00000  30.00000  36.012264      65.143906    
-180.00000-135.00000  45.00000  34.934513      42.044754    
-180.00000-135.00000  60.00000  34.903313      37.206638    
-180.00000-135.00000  75.00000  35.360588      36.538872    
-180.00000-135.00000  90.00000  36.252121      37.258556    
-180.00000-135.00000 105.00000  37.782299      38.838833    
-180.00000-135.00000 120.00000  40.278400      41.413017    
-180.00000-135.00000 135.00000  43.585682      44.786678    
-180.00000-135.00000 150.00000  45.793694      47.072311    
-180.00000-135.00000 165.00000  44.577206      46.052670    
-180.00000-120.00000-180.00000  17.648897      19.934175    
-180.00000-120.00000-165.00000  16.770727      21.658278    
-180.00000-120.00000-150.00000  16.390129      28.654654    
-180.00000-120.00000-135.00000  16.403328      44.204437    
-180.00000-120.00000-120.00000  16.602182      65.410622    
-180.00000-120.00000-105.00000  16.884007      100.63636    
-180.00000-120.00000 -90.00000  17.465025      271.31042    
-180.00000-120.00000 -75.00000  18.678238      682.89410    
-180.00000-120.00000 -60.00000  20.938847      1073.2653    
-180.00000-120.00000 -45.00000  25.963320      4853.2251    
-180.00000-120.00000 -30.00000  29.796293      11099.934    
-180.00000-120.00000 -15.00000  24.693117      3771.7283    
-180.00000-120.00000   0.00000  19.418037      457.93387    
-180.00000-120.00000  15.00000  17.052916      86.576233    
-180.00000-120.00000  30.00000  16.143497      38.641178    
-180.00000-120.00000  45.00000  15.925702      24.730497    
-180.00000-120.00000  60.00000  16.027420      19.543489    
-180.00000-120.00000  75.00000  16.266197      17.932438    
-180.00000-120.00000  90.00000  16.623091      17.735003    
-180.00000-120.00000 105.00000  17.192585      18.224062    
-180.00000-120.00000 120.00000  18.061573      19.156582    
-180.00000-120.00000 135.00000  19.021915      20.196615    
-180.00000-120.00000 150.00000  19.397524      20.666494    
-180.00000-120.00000 165.00000  18.769289      20.268814    
-180.00000-105.00000-180.00000  7.0572958      9.5370588    
-180.00000-105.00000-165.00000  6.9603109      12.576154    
-180.00000-105.00000-150.00000  7.0068541      21.477636    
-180.00000-105.00000-135.00000  7.1791449      39.624836    
-180.00000-105.00000-120.00000  7.3412695      61.175522    
-180.00000-105.00000-105.00000  7.3738871      86.168633    
-180.00000-105.00000 -90.00000  7.3648539      180.06860    
-180.00000-105.00000 -75.00000  7.4440489      328.98651    
-180.00000-105.00000 -60.00000  7.6997900      391.92163    
-180.00000-105.00000 -45.00000  8.3567705      902.99170    
-180.00000-105.00000 -30.00000  8.6212854      1188.9490    
-180.00000-105.00000 -15.00000  7.9060888      451.39731    
-180.00000-105.00000   0.00000  7.2004690      118.74065    
-180.00000-105.00000  15.00000  6.8007174      59.481720    
-180.00000-105.00000  30.00000  6.6173544      42.331749    
-180.00000-105.00000  45.00000  6.6068830      29.233992    
-180.00000-105.00000  60.00000  6.6925802      20.042793    
-180.00000-105.00000  75.00000  6.7842569      13.387895    
-180.00000-105.00000  90.00000  6.8525209      9.2985792    
-180.00000-105.00000 105.00000  6.9332495      8.1402044    
-180.00000-105.00000 120.00000  7.0693693      8.1499319    
-180.00000-105.00000 135.00000  7.2326651      8.3883257    
-180.00000-105.00000 150.00000  7.3037119      8.5714083    
-180.00000-105.00000 165.00000  7.2164812      8.7574701    
-180.00000 -90.00000-180.00000  2.8659229      5.5343170    
-180.00000 -90.00000-165.00000  2.9960289      9.3167734    
-180.00000 -90.00000-150.00000  3.1937790      19.862806    
-180.00000 -90.00000-135.00000  3.4466276      40.881504    
-180.00000 -90.00000-120.00000  3.6276846      65.459419    
-180.00000 -90.00000-105.00000  3.6310949      99.457108    
-180.00000 -90.00000 -90.00000  3.5330391      226.61398    
-180.00000 -90.00000 -75.00000  3.3239956      366.17178    
-180.00000 -90.00000 -60.00000  2.9245596      247.83406    
-180.00000 -90.00000 -45.00000  2.6447783      179.02689    
-180.00000 -90.00000 -30.00000  2.5910482      163.69368    
-180.00000 -90.00000 -15.00000  2.6370592      97.262550    
-180.00000 -90.00000   0.00000  2.7143927      74.559143    
-180.00000 -90.00000  15.00000  2.7612143      95.559517    
-180.00000 -90.00000  30.00000  2.7924213      129.29672    
-180.00000 -90.00000  45.00000  2.8460627      154.68816    
-180.00000 -90.00000  60.00000  2.9083605      163.55438    
-180.00000 -90.00000  75.00000  2.9139061      65.857727    
-180.00000 -90.00000  90.00000  2.8781595      13.861890    
-180.00000 -90.00000 105.00000  2.8086691      4.8224983    
-180.00000 -90.00000 120.00000  2.7211056      3.8445654    
-180.00000 -90.00000 135.00000  2.6693602      3.8208504    
-180.00000 -90.00000 150.00000  2.6892252      3.9643908    
-180.00000 -90.00000 165.00000  2.7650795      4.3513908    
-180.00000 -75.00000-180.00000  1.1172857      3.9972572    
-180.00000 -75.00000-165.00000  1.4904003      8.6003790    
-180.00000 -75.00000-150.00000  1.9383011      21.087332    
-180.00000 -75.00000-135.00000  2.3298712      45.163723    
-180.00000 -75.00000-120.00000  2.4064875      69.731926    
-180.00000 -75.00000-105.00000  2.0791073      88.909325    
-180.00000 -75.00000 -90.00000  1.5839853      154.77184    
-180.00000 -75.00000 -75.00000  1.0874653      218.18866    
-180.00000 -75.00000 -60.00000 0.59758472      133.54146    
-180.00000 -75.00000 -45.00000 0.30245304      58.240990    
-180.00000 -75.00000 -30.00000 0.32003117      43.963848    
-180.00000 -75.00000 -15.00000 0.59022522      54.691246    
-180.00000 -75.00000   0.00000  1.0272274      119.72405    
-180.00000 -75.00000  15.00000  1.6374245      384.79874    
-180.00000 -75.00000  30.00000  2.4681234      1067.2218    
-180.00000 -75.00000  45.00000  3.6930943      4821.9707    
-180.00000 -75.00000  60.00000  3.5123987      4992.9194    
-180.00000 -75.00000  75.00000  1.8979635      631.40601    
-180.00000 -75.00000  90.00000  1.0989981      41.048786    
-180.00000 -75.00000 105.00000 0.77100849      4.1835947    
-180.00000 -75.00000 120.00000 0.60644436      1.8068724    
-180.00000 -75.00000 135.00000 0.55737495      1.7219639    
-180.00000 -75.00000 150.00000 0.63530540      1.9291449    
-180.00000 -75.00000 165.00000 0.83054066      2.4726467    
-180.00000 -60.00000-180.00000  2.5150156      5.5197487    
-180.00000 -60.00000-165.00000  4.3637075      11.918376    
-180.00000 -60.00000-150.00000  6.7552156      27.256754    
-180.00000 -60.00000-135.00000  8.1181250      53.579952    
-180.00000 -60.00000-120.00000  6.9492617      74.793831    
-180.00000 -60.00000-105.00000  4.3814240      73.167854    
-180.00000 -60.00000 -90.00000  2.2926493      73.449028    
-180.00000 -60.00000 -75.00000  1.1021576      77.332291    
-180.00000 -60.00000 -60.00000 0.50051308      48.973618    
-180.00000 -60.00000 -45.00000 0.31050110      23.806631    
-180.00000 -60.00000 -30.00000 0.54739571      26.721540    
-180.00000 -60.00000 -15.00000  1.4051380      80.160599    
-180.00000 -60.00000   0.00000  3.5951414      483.01901    
-180.00000 -60.00000  15.00000  9.3766527      3243.7068    
-180.00000 -60.00000  30.00000  34.040707      64871.430    
-180.00000 -60.00000  45.00000  101.11305      1162212.8    
-180.00000 -60.00000  60.00000  44.742439      150949.59    
-180.00000 -60.00000  75.00000  8.3985205      2307.7004    
-180.00000 -60.00000  90.00000  2.5056133      61.584763    
-180.00000 -60.00000 105.00000  1.0656052      4.7177191    
-180.00000 -60.00000 120.00000 0.67429829      1.9045286    
-180.00000 -60.00000 135.00000 0.65632629      1.8484545    
-180.00000 -60.00000 150.00000 0.88902473      2.2076111    
-180.00000 -60.00000 165.00000  1.4419022      3.1244574    
-180.00000 -45.00000-180.00000  16.810925      19.817362    
-180.00000 -45.00000-165.00000  35.404598      42.916130    
-180.00000 -45.00000-150.00000  57.912361      78.181572    
-180.00000 -45.00000-135.00000  58.837189      103.37585    
-180.00000 -45.00000-120.00000  36.379822      101.10937    
-180.00000 -45.00000-105.00000  16.752960      74.538589    
-180.00000 -45.00000 -90.00000  7.9192610      45.980110    
-180.00000 -45.00000 -75.00000  4.8459940      29.911264    
-180.00000 -45.00000 -60.00000  3.8719444      19.196316    
-180.00000 -45.00000 -45.00000  3.8771200      15.930308    
-180.00000 -45.00000 -30.00000  5.2223520      39.713612    
-180.00000 -45.00000 -15.00000  10.629298      289.22067    
-180.00000 -45.00000   0.00000  32.182060      3890.0845    
-180.00000 -45.00000  15.00000  201.36829      141509.11    
-180.00000 -45.00000  30.00000  4677.5894     2.22993328E+08
-180.00000 -45.00000  45.00000  6080.7236     5.24726080E+08
-180.00000 -45.00000  60.00000  263.47159      253159.19    
-180.00000 -45.00000  75.00000  29.868006      1227.1892    
-180.00000 -45.00000  90.00000  9.3270864      38.081501    
-180.00000 -45.00000 105.00000  5.0018330      7.3833303    
-180.00000 -45.00000 120.00000  4.1198931      5.3304205    
-180.00000 -45.00000 135.00000  4.2371588      5.4653206    
-180.00000 -45.00000 150.00000  5.2410002      6.5853567    
-180.00000 -45.00000 165.00000  8.3256521      10.023595    
-180.00000 -30.00000-180.00000  163.82033      166.73120    
-180.00000 -30.00000-165.00000  384.75732      391.84851    
-180.00000 -30.00000-150.00000  494.02072      512.85596    
-180.00000 -30.00000-135.00000  307.62683      348.67175    
-180.00000 -30.00000-120.00000  114.39070      173.72079    
-180.00000 -30.00000-105.00000  38.778164      90.163086    
-180.00000 -30.00000 -90.00000  18.516998      47.099987    
-180.00000 -30.00000 -75.00000  13.521544      26.389685    
-180.00000 -30.00000 -60.00000  12.634631      19.583124    
-180.00000 -30.00000 -45.00000  14.787648      27.936594    
-180.00000 -30.00000 -30.00000  27.258329      136.92911    
-180.00000 -30.00000 -15.00000  93.250168      2133.8928    
-180.00000 -30.00000   0.00000  666.34045      100184.46    
-180.00000 -30.00000  15.00000  103782.75     6.07777152E+08
-180.00000 -30.00000  30.00000  3044109.8     2.00000000E+09
-180.00000 -30.00000  45.00000  15596.417      17206868.    
-180.00000 -30.00000  60.00000  290.37421      12298.685    
-180.00000 -30.00000  75.00000  55.105225      203.14870    
-180.00000 -30.00000  90.00000  19.988689      26.798738    
-180.00000 -30.00000 105.00000  13.661675      15.096261    
-180.00000 -30.00000 120.00000  12.895389      14.100188    
-180.00000 -30.00000 135.00000  14.700852      15.963637    
-180.00000 -30.00000 150.00000  22.897570      24.261900    
-180.00000 -30.00000 165.00000  55.221054      56.911247    
-180.00000 -15.00000-180.00000  1677.9377      1680.4004    
-180.00000 -15.00000-165.00000  2601.5447      2606.9336    
-180.00000 -15.00000-150.00000  1608.5709      1621.9373    
-180.00000 -15.00000-135.00000  498.46780      526.97028    
-180.00000 -15.00000-120.00000  125.87797      168.22055    
-180.00000 -15.00000-105.00000  44.455425      83.562393    
-180.00000 -15.00000 -90.00000  28.015680      50.929771    
-180.00000 -15.00000 -75.00000  25.071447      35.144955    
-180.00000 -15.00000 -60.00000  28.553576      35.711002    
-180.00000 -15.00000 -45.00000  53.904785      96.247581    
-180.00000 -15.00000 -30.00000  218.57544      1049.0828    
-180.00000 -15.00000 -15.00000  1670.1959      55641.824    
-180.00000 -15.00000   0.00000  547075.44     1.37321440E+08
-180.00000 -15.00000  15.00000 1.97545446E+09 2.00000000E+09
-180.00000 -15.00000  30.00000  364697.66      82226712.    
-180.00000 -15.00000  45.00000  1460.2189      34147.160    
-180.00000 -15.00000  60.00000  197.62358      532.57092    
-180.00000 -15.00000  75.00000  50.575191      64.166512    
-180.00000 -15.00000  90.00000  28.226789      30.000616    
-180.00000 -15.00000 105.00000  25.119642      26.278135    
-180.00000 -15.00000 120.00000  28.205103      29.410856    
-180.00000 -15.00000 135.00000  46.217747      47.480862    
-180.00000 -15.00000 150.00000  135.18892      136.52573    
-180.00000 -15.00000 165.00000  533.92108      535.49841    
-180.00000   0.00000-180.00000  4981.1748      4983.3198    
-180.00000   0.00000-165.00000  3018.2273      3022.4443    
-180.00000   0.00000-150.00000  863.64081      873.36792    
-180.00000   0.00000-135.00000  198.35454      218.51892    
-180.00000   0.00000-120.00000  64.911453      95.324173    
-180.00000   0.00000-105.00000  39.875496      69.522652    
-180.00000   0.00000 -90.00000  35.589760      54.387703    
-180.00000   0.00000 -75.00000  39.947548      49.895027    
-180.00000   0.00000 -60.00000  74.073738      97.649529    
-180.00000   0.00000 -45.00000  315.23865      785.33618    
-180.00000   0.00000 -30.00000  2529.4597      41537.055    
-180.00000   0.00000 -15.00000  932084.44      75281944.    
-180.00000   0.00000   0.00000 2.00000000E+09 2.00000000E+09
-180.00000   0.00000  15.00000  932126.75      75285552.    
-180.00000   0.00000  30.00000  2529.8579      41538.371    
-180.00000   0.00000  45.00000  315.72745      785.16803    
-180.00000   0.00000  60.00000  74.543648      95.599052    
-180.00000   0.00000  75.00000  40.204243      42.553066    
-180.00000   0.00000  90.00000  35.479446      36.625957    
-180.00000   0.00000 105.00000  39.407913      40.566666    
-180.00000   0.00000 120.00000  64.276299      65.503372    
-180.00000   0.00000 135.00000  197.78238      199.05276    
-180.00000   0.00000 150.00000  863.25500      864.57910    
-180.00000   0.00000 165.00000  3018.0354      3019.5369    
-180.00000  15.00000-180.00000  1688.2450      1690.0757    
-180.00000  15.00000-165.00000  544.37543      547.50452    
-180.00000  15.00000-150.00000  145.76868      152.24174    
-180.00000  15.00000-135.00000  56.889076      69.665268    
-180.00000  15.00000-120.00000  38.864475      58.330635    
-180.00000  15.00000-105.00000  35.594574      55.837936    
-180.00000  15.00000 -90.00000  38.373993      53.169228    
-180.00000  15.00000 -75.00000  60.397652      80.181084    
-180.00000  15.00000 -60.00000  207.27844      544.45660    
-180.00000  15.00000 -45.00000  1469.9020      34156.621    
-180.00000  15.00000 -30.00000  364695.22      82222552.    
-180.00000  15.00000 -15.00000 1.97549683E+09 2.00000000E+09
-180.00000  15.00000   0.00000  547112.13     1.37328224E+08
-180.00000  15.00000  15.00000  1680.6979      55653.543    
-180.00000  15.00000  30.00000  229.18825      1059.5707    
-180.00000  15.00000  45.00000  64.578377      106.22461    
-180.00000  15.00000  60.00000  39.154377      43.586208    
-180.00000  15.00000  75.00000  35.410988      36.770401    
-180.00000  15.00000  90.00000  37.940708      39.055817    
-180.00000  15.00000 105.00000  53.984169      55.148491    
-180.00000  15.00000 120.00000  135.24649      136.46542    
-180.00000  15.00000 135.00000  507.97366      509.22763    
-180.00000  15.00000 150.00000  1618.3717      1619.6654    
-180.00000  15.00000 165.00000  2611.6399      2613.0527    
-180.00000  30.00000-180.00000  187.04761      188.64900    
-180.00000  30.00000-165.00000  78.607704      81.003036    
-180.00000  30.00000-150.00000  46.377663      50.755981    
-180.00000  30.00000-135.00000  38.213444      46.307198    
-180.00000  30.00000-120.00000  36.340202      48.661194    
-180.00000  30.00000-105.00000  36.892559      50.711975    
-180.00000  30.00000 -90.00000  42.884586      58.973373    
-180.00000  30.00000 -75.00000  77.676147      230.59848    
-180.00000  30.00000 -60.00000  312.79031      12322.811    
-180.00000  30.00000 -45.00000  15618.771      17206266.    
-180.00000  30.00000 -30.00000  3044188.8     2.00000000E+09
-180.00000  30.00000 -15.00000  103810.11     6.07814272E+08
-180.00000  30.00000   0.00000  689.61908      100210.09    
-180.00000  30.00000  15.00000  116.70744      2157.3054    
-180.00000  30.00000  30.00000  50.842293      160.15039    
-180.00000  30.00000  45.00000  38.410419      50.123787    
-180.00000  30.00000  60.00000  36.149426      38.681023    
-180.00000  30.00000  75.00000  36.724197      37.969261    
-180.00000  30.00000  90.00000  41.226814      42.324364    
-180.00000  30.00000 105.00000  60.996834      62.132187    
-180.00000  30.00000 120.00000  136.39883      137.58434    
-180.00000  30.00000 135.00000  329.81644      331.03769    
-180.00000  30.00000 150.00000  516.60699      517.86212    
-180.00000  30.00000 165.00000  407.72223      409.05841    
-180.00000  45.00000-180.00000  62.213455      63.690689    
-180.00000  45.00000-165.00000  53.883087      55.919464    
-180.00000  45.00000-150.00000  50.866840      54.258347    
-180.00000  45.00000-135.00000  49.856476      55.748001    
-180.00000  45.00000-120.00000  49.633499      58.489136    
-180.00000  45.00000-105.00000  50.282528      61.461891    
-180.00000  45.00000 -90.00000  54.277687      90.000923    
-180.00000  45.00000 -75.00000  74.512772      1275.7388    
-180.00000  45.00000 -60.00000  307.98499      253200.88    
-180.00000  45.00000 -45.00000  6125.3794     5.24722016E+08
-180.00000  45.00000 -30.00000  4722.5762     2.23003504E+08
-180.00000  45.00000 -15.00000  246.56560      141558.31    
-180.00000  45.00000   0.00000  77.637955      3935.4709    
-180.00000  45.00000  15.00000  56.276649      334.46826    
-180.00000  45.00000  30.00000  50.984653      84.090179    
-180.00000  45.00000  45.00000  49.651958      56.953285    
-180.00000  45.00000  60.00000  49.504593      51.987274    
-180.00000  45.00000  75.00000  50.136982      51.481361    
-180.00000  45.00000  90.00000  52.699646      53.802864    
-180.00000  45.00000 105.00000  61.032677      62.131531    
-180.00000  45.00000 120.00000  80.453537      81.595306    
-180.00000  45.00000 135.00000  103.11788      104.29905    
-180.00000  45.00000 150.00000  102.62621      103.84287    
-180.00000  45.00000 165.00000  80.528572      81.811203    
   0.00000-150.00000-180.00000  83.150269      85.252586    
   0.00000-150.00000-165.00000  74.379715      78.556801    
   0.00000-150.00000-150.00000  69.092171      79.238998    
   0.00000-150.00000-135.00000  67.097595      90.743530    
   0.00000-150.00000-120.00000  66.953308      112.17463    
   0.00000-150.00000-105.00000  68.060532      159.74556    
   0.00000-150.00000 -90.00000  71.201897      529.28186    
   0.00000-150.00000 -75.00000  78.459404      2912.4827    
   0.00000-150.00000 -60.00000  89.939919      6299.4697    
   0.00000-150.00000 -45.00000  116.28075      12335.230    
   0.00000-150.00000 -30.00000  225.51691      212971.17    
   0.00000-150.00000 -15.00000  276.60068      415494.91    
   0.00000-150.00000   0.00000  136.46870      34194.477    
   0.00000-150.00000  15.00000  84.169807      1336.4508    
   0.00000-150.00000  30.00000  70.812607      147.98325    
   0.00000-150.00000  45.00000  66.965393      77.084305    
   0.00000-150.00000  60.00000  66.278099      68.713814    
   0.00000-150.00000  75.00000  66.879051      68.065620    
   0.00000-150.00000  90.00000  68.432587      69.470650    
   0.00000-150.00000 105.00000  71.155907      72.242432    
   0.00000-150.00000 120.00000  75.614342      76.765923    
   0.00000-150.00000 135.00000  82.518280      83.725327    
   0.00000-150.00000 150.00000  89.701279      90.979713    
   0.00000-150.00000 165.00000  90.512489      91.979576    
   0.00000-135.00000-180.00000  40.703297      42.835991    
   0.00000-135.00000-165.00000  37.388672      41.725739    
   0.00000-135.00000-150.00000  35.642498      46.264153    
   0.00000-135.00000-135.00000  35.130943      59.531254    
   0.00000-135.00000-120.00000  35.307858      80.711182    
   0.00000-135.00000-105.00000  36.003262      126.97391    
   0.00000-135.00000 -90.00000  37.712746      425.59665    
   0.00000-135.00000 -75.00000  41.340618      1590.3478    
   0.00000-135.00000 -60.00000  47.622036      2548.3870    
   0.00000-135.00000 -45.00000  64.817322      12673.153    
   0.00000-135.00000 -30.00000  97.414238      79909.492    
   0.00000-135.00000 -15.00000  81.679604      41488.059    
   0.00000-135.00000   0.00000  50.888275      3275.7747    
   0.00000-135.00000  15.00000  39.571392      252.68597    
   0.00000-135.00000  30.00000  35.832310      64.951584    
   0.00000-135.00000  45.00000  34.750809      41.874077    
   0.00000-135.00000  60.00000  34.715530      37.053642    
   0.00000-135.00000  75.00000  35.169292      36.389248    
   0.00000-135.00000  90.00000  36.058681      37.087463    
   0.00000-135.00000 105.00000  37.588512      38.638512    
   0.00000-135.00000 120.00000  40.085922      41.197048    
   0.00000-135.00000 135.00000  43.395573      44.570324    
   0.00000-135.00000 150.00000  45.606346      46.862854    
   0.00000-135.00000 165.00000  44.392357      45.851189    
   0.00000-120.00000-180.00000  17.387875      19.661438    
   0.00000-120.00000-165.00000  16.511038      21.390894    
   0.00000-120.00000-150.00000  16.130497      28.389883    
   0.00000-120.00000-135.00000  16.142879      43.940514    
   0.00000-120.00000-120.00000  16.340475      65.146683    
   0.00000-120.00000-105.00000  16.621073      100.37223    
   0.00000-120.00000 -90.00000  17.201448      271.04816    
   0.00000-120.00000 -75.00000  18.415096      682.63464    
   0.00000-120.00000 -60.00000  20.677397      1073.0151    
   0.00000-120.00000 -45.00000  25.704435      4853.0078    
   0.00000-120.00000 -30.00000  29.540083      11099.797    
   0.00000-120.00000 -15.00000  24.438643      3771.4951    
   0.00000-120.00000   0.00000  19.163576      457.63260    
   0.00000-120.00000  15.00000  16.796328      86.255379    
   0.00000-120.00000  30.00000  15.882845      38.390110    
   0.00000-120.00000  45.00000  15.659636      24.670454    
   0.00000-120.00000  60.00000  15.755329      19.834871    
   0.00000-120.00000  75.00000  15.988628      18.414488    
   0.00000-120.00000  90.00000  16.342209      17.964323    
   0.00000-120.00000 105.00000  16.911728      18.117653    
   0.00000-120.00000 120.00000  17.783785      18.892660    
   0.00000-120.00000 135.00000  18.748890      19.898220    
   0.00000-120.00000 150.00000  19.129503      20.373503    
   0.00000-120.00000 165.00000  18.505451      19.987221    
   0.00000-105.00000-180.00000  6.6719227      9.1408558    
   0.00000-105.00000-165.00000  6.5780983      12.187468    
   0.00000-105.00000-150.00000  6.6272221      21.094084    
   0.00000-105.00000-135.00000  6.8019505      39.245350    
   0.00000-105.00000-120.00000  6.9652538      60.798237    
   0.00000-105.00000-105.00000  6.9961109      85.790421    
   0.00000-105.00000 -90.00000  6.9828892      179.68726    
   0.00000-105.00000 -75.00000  7.0584393      328.60345    
   0.00000-105.00000 -60.00000  7.3134041      391.54095    
   0.00000-105.00000 -45.00000  7.9722385      902.61481    
   0.00000-105.00000 -30.00000  8.2394829      1188.5730    
   0.00000-105.00000 -15.00000  7.5260715      450.99380    
   0.00000-105.00000   0.00000  6.8202782      118.26268    
   0.00000-105.00000  15.00000  6.4188519      59.024532    
   0.00000-105.00000  30.00000  6.2342625      42.355091    
   0.00000-105.00000  45.00000  6.2246094      31.843302    
   0.00000-105.00000  60.00000  6.3105087      29.601759    
   0.00000-105.00000  75.00000  6.3941536      25.103487    
   0.00000-105.00000  90.00000  6.4484539      14.569845    
   0.00000-105.00000 105.00000  6.5211735      9.0965710    
   0.00000-105.00000 120.00000  6.6584225      7.9344120    
   0.00000-105.00000 135.00000  6.8282127      7.9761906    
   0.00000-105.00000 150.00000  6.9070244      8.1495895    
   0.00000-105.00000 165.00000  6.8264198      8.3496342    
   0.00000 -90.00000-180.00000  2.3804913      5.0400829    
   0.00000 -90.00000-165.00000  2.5305862      8.8467274    
   0.00000 -90.00000-150.00000  2.7627487      19.429560    
   0.00000 -90.00000-135.00000  3.0618362      40.495899    
   0.00000 -90.00000-120.00000  3.2759008      65.107796    
   0.00000 -90.00000-105.00000  3.2699375      99.096970    
   0.00000 -90.00000 -90.00000  3.1266851      226.21013    
   0.00000 -90.00000 -75.00000  2.8709068      365.72311    
   0.00000 -90.00000 -60.00000  2.4441099      247.36075    
   0.00000 -90.00000 -45.00000  2.1547451      178.54782    
   0.00000 -90.00000 -30.00000  2.1003332      163.20674    
   0.00000 -90.00000 -15.00000  2.1489601      96.722618    
   0.00000 -90.00000   0.00000  2.2335491      73.935219    
   0.00000 -90.00000  15.00000  2.3042355      95.375610    
   0.00000 -90.00000  30.00000  2.4031715      134.79057    
   0.00000 -90.00000  45.00000  2.6096230      233.05338    
   0.00000 -90.00000  60.00000  2.8542995      503.45010    
   0.00000 -90.00000  75.00000  2.7957649      332.88184    
   0.00000 -90.00000  90.00000  2.5452871      69.272491    
   0.00000 -90.00000 105.00000  2.3462830      11.028725    
   0.00000 -90.00000 120.00000  2.2119799      4.0032377    
   0.00000 -90.00000 135.00000  2.1532497      3.3369102    
   0.00000 -90.00000 150.00000  2.1803751      3.4344921    
   0.00000 -90.00000 165.00000  2.2668724      3.8374100    
   0.00000 -75.00000-180.00000 0.95509434      3.8302279    
   0.00000 -75.00000-165.00000  1.5360947      8.6447029    
   0.00000 -75.00000-150.00000  2.4029808      21.552454    
   0.00000 -75.00000-135.00000  3.3520212      46.187519    
   0.00000 -75.00000-120.00000  3.7215939      71.049316    
   0.00000 -75.00000-105.00000  3.1189470      89.952423    
   0.00000 -75.00000 -90.00000  2.0646009      155.25690    
   0.00000 -75.00000 -75.00000  1.1352501      218.24281    
   0.00000 -75.00000 -60.00000 0.43160248      133.38542    
   0.00000 -75.00000 -45.00000 5.89103699E-02  58.010509    
   0.00000 -75.00000 -30.00000 6.12373352E-02  43.705452    
   0.00000 -75.00000 -15.00000 0.35782433      54.388798    
   0.00000 -75.00000   0.00000 0.90893364      119.68607    
   0.00000 -75.00000  15.00000  1.9004984      388.19797    
   0.00000 -75.00000  30.00000  3.9795084      1224.5557    
   0.00000 -75.00000  45.00000  9.7160358      12253.586    
   0.00000 -75.00000  60.00000  14.842094      38887.086    
   0.00000 -75.00000  75.00000  7.6711845      7318.0996    
   0.00000 -75.00000  90.00000  2.6141272      380.30118    
   0.00000 -75.00000 105.00000 0.99894714      22.113268    
   0.00000 -75.00000 120.00000 0.44023132      2.8604765    
   0.00000 -75.00000 135.00000 0.28673553      1.5243330    
   0.00000 -75.00000 150.00000 0.35601711      1.6372252    
   0.00000 -75.00000 165.00000 0.58291626      2.2143526    
   0.00000 -60.00000-180.00000  4.9688072      7.9753609    
   0.00000 -60.00000-165.00000  9.7608681      17.319553    
   0.00000 -60.00000-150.00000  18.441048      38.947681    
   0.00000 -60.00000-135.00000  26.968077      72.435585    
   0.00000 -60.00000-120.00000  26.231813      94.082634    
   0.00000 -60.00000-105.00000  16.887547      85.680969    
   0.00000 -60.00000 -90.00000  8.2583199      79.423294    
   0.00000 -60.00000 -75.00000  3.7929106      80.034119    
   0.00000 -60.00000 -60.00000  2.0089321      50.497784    
   0.00000 -60.00000 -45.00000  1.4779720      24.995638    
   0.00000 -60.00000 -30.00000  1.7178812      27.914446    
   0.00000 -60.00000 -15.00000  2.9732647      81.866135    
   0.00000 -60.00000   0.00000  6.8387775      487.53427    
   0.00000 -60.00000  15.00000  19.365585      3198.0745    
   0.00000 -60.00000  30.00000  91.701248      82735.789    
   0.00000 -60.00000  45.00000  657.62952      10684491.    
   0.00000 -60.00000  60.00000  581.75397      7665049.5    
   0.00000 -60.00000  75.00000  73.583626      52073.941    
   0.00000 -60.00000  90.00000  14.256113      664.07214    
   0.00000 -60.00000 105.00000  4.6947269      27.726564    
   0.00000 -60.00000 120.00000  2.2939959      4.6950874    
   0.00000 -60.00000 135.00000  1.8063240      3.0766382    
   0.00000 -60.00000 150.00000  2.0239849      3.3405523    
   0.00000 -60.00000 165.00000  2.8745966      4.5550766    
   0.00000 -45.00000-180.00000  47.875008      50.891937    
   0.00000 -45.00000-165.00000  127.82784      135.35100    
   0.00000 -45.00000-150.00000  273.94608      294.22733    
   0.00000 -45.00000-135.00000  346.20770      390.75867    
   0.00000 -45.00000-120.00000  232.83035      297.57285    
   0.00000 -45.00000-105.00000  97.659874      155.45932    
   0.00000 -45.00000 -90.00000  35.782589      73.858757    
   0.00000 -45.00000 -75.00000  16.693493      41.776768    
   0.00000 -45.00000 -60.00000  11.618340      26.967176    
   0.00000 -45.00000 -45.00000  10.898424      23.004202    
   0.00000 -45.00000 -30.00000  13.458611      48.222267    
   0.00000 -45.00000 -15.00000  25.799574      306.32001    
   0.00000 -45.00000   0.00000  82.844673      3842.3313    
   0.00000 -45.00000  15.00000  506.06137      98100.047    
   0.00000 -45.00000  30.00000  28586.969     2.87891552E+08
   0.00000 -45.00000  45.00000  328663.69     2.00000000E+09
   0.00000 -45.00000  60.00000  8578.4297      20645952.    
   0.00000 -45.00000  75.00000  265.32275      19104.883    
   0.00000 -45.00000  90.00000  53.455227      292.66785    
   0.00000 -45.00000 105.00000  19.028036      29.740301    
   0.00000 -45.00000 120.00000  12.098543      13.874016    
   0.00000 -45.00000 135.00000  11.215303      12.484030    
   0.00000 -45.00000 150.00000  13.122885      14.472364    
   0.00000 -45.00000 165.00000  20.864820      22.570513    
   0.00000 -30.00000-180.00000  836.94818      839.87628    
   0.00000 -30.00000-165.00000  2772.7324      2779.8423    
   0.00000 -30.00000-150.00000  4772.1348      4790.9893    
   0.00000 -30.00000-135.00000  3309.2280      3350.2920    
   0.00000 -30.00000-120.00000  1098.8584      1158.2073    
   0.00000 -30.00000-105.00000  273.57297      324.97473    
   0.00000 -30.00000 -90.00000  84.951080      113.54544    
   0.00000 -30.00000 -75.00000  46.479465      59.346546    
   0.00000 -30.00000 -60.00000  39.562950      46.503891    
   0.00000 -30.00000 -45.00000  45.220013      58.599407    
   0.00000 -30.00000 -30.00000  85.441360      198.43607    
   0.00000 -30.00000 -15.00000  335.74689      2360.2183    
   0.00000 -30.00000   0.00000  2334.1907      69937.766    
   0.00000 -30.00000  15.00000  338623.47      69402008.    
   0.00000 -30.00000  30.00000 1.66585152E+09 2.00000000E+09
   0.00000 -30.00000  45.00000  1966668.3     7.02411520E+08
   0.00000 -30.00000  60.00000  4039.4055      135450.06    
   0.00000 -30.00000  75.00000  466.53766      1461.1218    
   0.00000 -30.00000  90.00000  103.86829      136.89594    
   0.00000 -30.00000 105.00000  48.352806      51.238731    
   0.00000 -30.00000 120.00000  39.874794      41.125801    
   0.00000 -30.00000 135.00000  44.293221      45.539825    
   0.00000 -30.00000 150.00000  72.703918      74.070015    
   0.00000 -30.00000 165.00000  210.67929      212.38232    
   0.00000 -15.00000-180.00000  20084.332      20086.813    
   0.00000 -15.00000-165.00000  42440.563      42445.973    
   0.00000 -15.00000-150.00000  26852.816      26866.201    
   0.00000 -15.00000-135.00000  6581.2344      6609.7505    
   0.00000 -15.00000-120.00000  1156.4371      1198.7822    
   0.00000 -15.00000-105.00000  259.58084      298.66159    
   0.00000 -15.00000 -90.00000  116.21442      139.03131    
   0.00000 -15.00000 -75.00000  93.438568      103.26772    
   0.00000 -15.00000 -60.00000  107.75174      114.71056    
   0.00000 -15.00000 -45.00000  229.43573      277.28366    
   0.00000 -15.00000 -30.00000  1188.3528      2111.5681    
   0.00000 -15.00000 -15.00000  10777.716      52449.914    
   0.00000 -15.00000   0.00000  1200295.1      14517820.    
   0.00000 -15.00000  15.00000 2.00000000E+09 2.00000000E+09
   0.00000 -15.00000  30.00000  17099690.     1.06194736E+08
   0.00000 -15.00000  45.00000  20936.367      132389.88    
   0.00000 -15.00000  60.00000  1993.9008      3198.0432    
   0.00000 -15.00000  75.00000  320.33594      362.59970    
   0.00000 -15.00000  90.00000  120.60110      123.29150    
   0.00000 -15.00000 105.00000  93.633415      94.540154    
   0.00000 -15.00000 120.00000  105.57367      106.64465    
   0.00000 -15.00000 135.00000  197.20178      198.42119    
   0.00000 -15.00000 150.00000  758.07349      759.40613    
   0.00000 -15.00000 165.00000  4267.5034      4269.0923    
   0.00000   0.00000-180.00000  104736.09      104738.25    
   0.00000   0.00000-165.00000  53119.496      53123.727    
   0.00000   0.00000-150.00000  10384.460      10394.191    
   0.00000   0.00000-135.00000  1584.4879      1604.6356    
   0.00000   0.00000-120.00000  340.73566      371.07721    
   0.00000   0.00000-105.00000  157.72414      187.16530    
   0.00000   0.00000 -90.00000  131.75232      150.05638    
   0.00000   0.00000 -75.00000  161.34760      170.88829    
   0.00000   0.00000 -60.00000  404.07010      440.67789    
   0.00000   0.00000 -45.00000  2577.4104      3398.3167    
   0.00000   0.00000 -30.00000  28063.012      76119.406    
   0.00000   0.00000 -15.00000  4569847.5      16187581.    
   0.00000   0.00000   0.00000 2.00000000E+09 2.00000000E+09
   0.00000   0.00000  15.00000  4570047.0      16188043.    
   0.00000   0.00000  30.00000  28063.652      76120.875    
   0.00000   0.00000  45.00000  2577.9180      3398.1729    
   0.00000   0.00000  60.00000  404.54147      438.62897    
   0.00000   0.00000  75.00000  161.60452      163.54657    
   0.00000   0.00000  90.00000  131.64203      132.29462    
   0.00000   0.00000 105.00000  157.25636      158.20912    
   0.00000   0.00000 120.00000  340.09924      341.25513    
   0.00000   0.00000 135.00000  1583.9069      1585.1605    
   0.00000   0.00000 150.00000  10384.025      10385.354    
   0.00000   0.00000 165.00000  53119.102      53120.617    
   0.00000  15.00000-180.00000  20095.072      20096.920    
   0.00000  15.00000-165.00000  4278.2788      4281.4194    
   0.00000  15.00000-150.00000  768.95215      775.42108    
   0.00000  15.00000-135.00000  208.16904      220.90152    
   0.00000  15.00000-120.00000  116.52834      135.85976    
   0.00000  15.00000-105.00000  104.40356      124.39516    
   0.00000  15.00000 -90.00000  131.04337      146.75517    
   0.00000  15.00000 -75.00000  330.45255      378.90796    
   0.00000  15.00000 -60.00000  2003.8406      3210.1990    
   0.00000  15.00000 -45.00000  20946.186      132397.66    
   0.00000  15.00000 -30.00000  17098888.     1.06190648E+08
   0.00000  15.00000 -15.00000 2.00000000E+09 2.00000000E+09
   0.00000  15.00000   0.00000  1200351.3      14518245.    
   0.00000  15.00000  15.00000  10788.620      52461.500    
   0.00000  15.00000  30.00000  1199.2689      2122.3586    
   0.00000  15.00000  45.00000  240.40541      287.55679    
   0.00000  15.00000  60.00000  118.64789      122.88112    
   0.00000  15.00000  75.00000  104.07333      105.18840    
   0.00000  15.00000  90.00000  126.43459      127.45250    
   0.00000  15.00000 105.00000  269.40421      270.54230    
   0.00000  15.00000 120.00000  1166.0970      1167.3186    
   0.00000  15.00000 135.00000  6591.0254      6592.2935    
   0.00000  15.00000 150.00000  26862.941      26864.254    
   0.00000  15.00000 165.00000  42451.113      42452.543    
   0.00000  30.00000-180.00000  860.67896      862.29755    
   0.00000  30.00000-165.00000  234.56529      236.97346    
   0.00000  30.00000-150.00000  96.682610      101.06268    
   0.00000  30.00000-135.00000  68.304268      76.381859    
   0.00000  30.00000-120.00000  63.818035      76.185211    
   0.00000  30.00000-105.00000  72.082077      87.352821    
   0.00000  30.00000 -90.00000  127.26241      169.56850    
   0.00000  30.00000 -75.00000  489.60562      1489.0564    
   0.00000  30.00000 -60.00000  4062.2878      135471.67    
   0.00000  30.00000 -45.00000  1966634.6     7.02374528E+08
   0.00000  30.00000 -30.00000 1.66590272E+09 2.00000000E+09
   0.00000  30.00000 -15.00000  338659.28      69404672.    
   0.00000  30.00000   0.00000  2357.9827      69962.609    
   0.00000  30.00000  15.00000  359.70450      2384.1274    
   0.00000  30.00000  30.00000  109.52396      222.15591    
   0.00000  30.00000  45.00000  69.341240      81.285049    
   0.00000  30.00000  60.00000  63.576176      66.100204    
   0.00000  30.00000  75.00000  70.180527      71.424530    
   0.00000  30.00000  90.00000  108.15934      109.26825    
   0.00000  30.00000 105.00000  296.28989      297.44202    
   0.00000  30.00000 120.00000  1121.3656      1122.5697    
   0.00000  30.00000 135.00000  3331.9226      3333.1628    
   0.00000  30.00000 150.00000  4795.2461      4796.5200    
   0.00000  30.00000 165.00000  2796.2124      2797.5674    
   0.00000  45.00000-180.00000  94.322144      95.809883    
   0.00000  45.00000-165.00000  67.466812      69.510925    
   0.00000  45.00000-150.00000  59.793255      63.189877    
   0.00000  45.00000-135.00000  57.879139      63.811230    
   0.00000  45.00000-120.00000  58.656666      68.077240    
   0.00000  45.00000-105.00000  65.353241      84.863319    
   0.00000  45.00000 -90.00000  99.450348      345.62964    
   0.00000  45.00000 -75.00000  311.01166      19154.232    
   0.00000  45.00000 -60.00000  8623.9258      20645430.    
   0.00000  45.00000 -45.00000  328712.78     2.00000000E+09
   0.00000  45.00000 -30.00000  28633.564     2.87904160E+08
   0.00000  45.00000 -15.00000  552.30573      98148.242    
   0.00000  45.00000   0.00000  129.34540      3888.7566    
   0.00000  45.00000  15.00000  72.491508      352.61234    
   0.00000  45.00000  30.00000  60.265446      93.643364    
   0.00000  45.00000  45.00000  57.717785      65.071693    
   0.00000  45.00000  60.00000  58.295513      60.802647    
   0.00000  45.00000  75.00000  63.029003      64.391418    
   0.00000  45.00000  90.00000  81.607498      82.726051    
   0.00000  45.00000 105.00000  142.98430      144.09692    
   0.00000  45.00000 120.00000  277.94934      279.10394    
   0.00000  45.00000 135.00000  391.53391      392.72739    
   0.00000  45.00000 150.00000  319.70541      320.93408    
   0.00000  45.00000 165.00000  173.99690      175.29115    
