Ramachandran energy map for glycine. Grid size of 30 degrees used.              
*
  144
-180.00000-180.00000-180.00000  2.7130606      5.4469533    
-180.00000-180.00000-150.00000  2.4809501      5.1995759    
-180.00000-180.00000-120.00000  2.1865029      4.8520794    
-180.00000-180.00000 -90.00000  2.0611153      4.6648579    
-180.00000-180.00000 -60.00000  2.0774388      5.6218262    
-180.00000-180.00000 -30.00000  2.4055064      24.208897    
-180.00000-180.00000   0.00000  2.7888582      251.37988    
-180.00000-180.00000  30.00000  2.4055071      24.208994    
-180.00000-180.00000  60.00000  2.0774403      5.6218295    
-180.00000-180.00000  90.00000  2.0611150      4.6648579    
-180.00000-180.00000 120.00000  2.1865072      4.8520789    
-180.00000-180.00000 150.00000  2.4809513      5.1995835    
-180.00000-150.00000-180.00000  2.6685495      5.4030795    
-180.00000-150.00000-150.00000  2.4424012      5.1742282    
-180.00000-150.00000-120.00000  2.1504848      4.8415108    
-180.00000-150.00000 -90.00000  2.0273986      4.6686645    
-180.00000-150.00000 -60.00000  2.0452280      5.7080040    
-180.00000-150.00000 -30.00000  2.3671126      38.011398    
-180.00000-150.00000   0.00000  2.7206407      91.767563    
-180.00000-150.00000  30.00000  2.3528380      19.383358    
-180.00000-150.00000  60.00000  2.0100873      5.5188994    
-180.00000-150.00000  90.00000  1.9973110      4.5123706    
-180.00000-150.00000 120.00000  2.1360104      4.7512732    
-180.00000-150.00000 150.00000  2.4410384      5.1416287    
-180.00000-120.00000-180.00000  2.5632930      5.3009672    
-180.00000-120.00000-150.00000  2.3282275      5.0699625    
-180.00000-120.00000-120.00000  2.0253363      4.7295094    
-180.00000-120.00000 -90.00000  1.9100453      4.5656395    
-180.00000-120.00000 -60.00000  1.9439232      5.6590333    
-180.00000-120.00000 -30.00000  2.2680235      24.635670    
-180.00000-120.00000   0.00000  2.5941069      50.728119    
-180.00000-120.00000  30.00000  2.1720934      22.997589    
-180.00000-120.00000  60.00000  1.8009663      6.8007393    
-180.00000-120.00000  90.00000  1.8184918      4.3844728    
-180.00000-120.00000 120.00000  2.0057127      4.5482368    
-180.00000-120.00000 150.00000  2.3354867      5.0174451    
-180.00000 -90.00000-180.00000  2.5260320      5.2733288    
-180.00000 -90.00000-150.00000  2.3229074      5.0751076    
-180.00000 -90.00000-120.00000  1.9885885      4.7026906    
-180.00000 -90.00000 -90.00000  1.8308021      4.4951386    
-180.00000 -90.00000 -60.00000  1.8674256      5.4786730    
-180.00000 -90.00000 -30.00000  2.1801541      19.275673    
-180.00000 -90.00000   0.00000  2.4869490      62.968102    
-180.00000 -90.00000  30.00000  2.1152916      129.94124    
-180.00000 -90.00000  60.00000  1.6748023      163.81923    
-180.00000 -90.00000  90.00000  1.6250800      14.059585    
-180.00000 -90.00000 120.00000  1.8874288      4.4640365    
-180.00000 -90.00000 150.00000  2.2684269      4.9475555    
-180.00000 -60.00000-180.00000  4.9551702      7.7252913    
-180.00000 -60.00000-150.00000  8.4754314      11.244446    
-180.00000 -60.00000-120.00000  7.9158258      10.643451    
-180.00000 -60.00000 -90.00000  3.8109179      6.4828677    
-180.00000 -60.00000 -60.00000  2.9265320      6.5216899    
-180.00000 -60.00000 -30.00000  3.3182306      23.749868    
-180.00000 -60.00000   0.00000  6.1455460      486.18384    
-180.00000 -60.00000  30.00000  35.993881      64874.934    
-180.00000 -60.00000  60.00000  46.197895      150952.55    
-180.00000 -60.00000  90.00000  4.2197928      64.755310    
-180.00000 -60.00000 120.00000  2.9562607      5.6475077    
-180.00000 -60.00000 150.00000  3.4632213      6.1777301    
-180.00000 -30.00000-180.00000  163.84657      166.65297    
-180.00000 -30.00000-150.00000  493.38928      496.18579    
-180.00000 -30.00000-120.00000  113.08551      115.83505    
-180.00000 -30.00000 -90.00000  17.785166      20.461842    
-180.00000 -30.00000 -60.00000  12.707042      16.757521    
-180.00000 -30.00000 -30.00000  27.545164      138.24033    
-180.00000 -30.00000   0.00000  666.42755      100186.04    
-180.00000 -30.00000  30.00000  3044109.3     2.00000000E+09
-180.00000 -30.00000  60.00000  289.52988      12299.351    
-180.00000 -30.00000  90.00000  19.424879      27.708399    
-180.00000 -30.00000 120.00000  12.844443      15.525055    
-180.00000 -30.00000 150.00000  23.064613      25.842962    
-180.00000   0.00000-180.00000  4976.9697      4979.7969    
-180.00000   0.00000-150.00000  859.09357      861.90631    
-180.00000   0.00000-120.00000  59.938778      62.684158    
-180.00000   0.00000 -90.00000  30.830034      33.499386    
-180.00000   0.00000 -60.00000  69.788841      92.395699    
-180.00000   0.00000 -30.00000  2525.3516      41534.391    
-180.00000   0.00000   0.00000 2.00000000E+09 2.00000000E+09
-180.00000   0.00000  30.00000  2525.3838      41535.461    
-180.00000   0.00000  60.00000  69.789185      92.396286    
-180.00000   0.00000  90.00000  30.830036      33.499393    
-180.00000   0.00000 120.00000  59.938610      62.683994    
-180.00000   0.00000 150.00000  859.08997      861.90271    
-180.00000  30.00000-180.00000  163.84837      166.65477    
-180.00000  30.00000-150.00000  23.064747      25.843103    
-180.00000  30.00000-120.00000  12.844491      15.525112    
-180.00000  30.00000 -90.00000  19.424921      27.708384    
-180.00000  30.00000 -60.00000  289.53018      12299.135    
-180.00000  30.00000 -30.00000  3044165.5     2.00000000E+09
-180.00000  30.00000   0.00000  666.44025      100188.42    
-180.00000  30.00000  30.00000  27.545364      138.24152    
-180.00000  30.00000  60.00000  12.707092      16.757582    
-180.00000  30.00000  90.00000  17.785212      20.461901    
-180.00000  30.00000 120.00000  113.08588      115.83543    
-180.00000  30.00000 150.00000  493.39371      496.19022    
-180.00000  60.00000-180.00000  4.9551802      7.7253089    
-180.00000  60.00000-150.00000  3.4632275      6.1777339    
-180.00000  60.00000-120.00000  2.9562609      5.6475053    
-180.00000  60.00000 -90.00000  4.2198000      64.754799    
-180.00000  60.00000 -60.00000  46.198128      150952.66    
-180.00000  60.00000 -30.00000  35.994270      64876.348    
-180.00000  60.00000   0.00000  6.1455665      486.18658    
-180.00000  60.00000  30.00000  3.3182359      23.749947    
-180.00000  60.00000  60.00000  2.9265332      6.5217071    
-180.00000  60.00000  90.00000  3.8109248      6.4828773    
-180.00000  60.00000 120.00000  7.9158616      10.643483    
-180.00000  60.00000 150.00000  8.4754620      11.244484    
-180.00000  90.00000-180.00000  2.5260296      5.2733278    
-180.00000  90.00000-150.00000  2.2684243      4.9475617    
-180.00000  90.00000-120.00000  1.8874298      4.4640360    
-180.00000  90.00000 -90.00000  1.6250799      14.059540    
-180.00000  90.00000 -60.00000  1.6748035      163.82007    
-180.00000  90.00000 -30.00000  2.1152904      129.94109    
-180.00000  90.00000   0.00000  2.4869468      62.968010    
-180.00000  90.00000  30.00000  2.1801558      19.275650    
-180.00000  90.00000  60.00000  1.8674253      5.4786620    
-180.00000  90.00000  90.00000  1.8308007      4.4951339    
-180.00000  90.00000 120.00000  1.9885902      4.7027025    
-180.00000  90.00000 150.00000  2.3229070      5.0751095    
-180.00000 120.00000-180.00000  2.5632961      5.3009720    
-180.00000 120.00000-150.00000  2.3354924      5.0174527    
-180.00000 120.00000-120.00000  2.0057170      4.5482411    
-180.00000 120.00000 -90.00000  1.8184929      4.3844733    
-180.00000 120.00000 -60.00000  1.8009661      6.8007617    
-180.00000 120.00000 -30.00000  2.1720932      22.997564    
-180.00000 120.00000   0.00000  2.5941095      50.728180    
-180.00000 120.00000  30.00000  2.2680237      24.635689    
-180.00000 120.00000  60.00000  1.9439232      5.6590414    
-180.00000 120.00000  90.00000  1.9100417      4.5656395    
-180.00000 120.00000 120.00000  2.0253336      4.7295089    
-180.00000 120.00000 150.00000  2.3282249      5.0699673    
-180.00000 150.00000-180.00000  2.6685505      5.4030833    
-180.00000 150.00000-150.00000  2.4410305      5.1416097    
-180.00000 150.00000-120.00000  2.1360152      4.7512732    
-180.00000 150.00000 -90.00000  1.9973110      4.5123777    
-180.00000 150.00000 -60.00000  2.0100856      5.5189013    
-180.00000 150.00000 -30.00000  2.3528347      19.383320    
-180.00000 150.00000   0.00000  2.7206423      91.767220    
-180.00000 150.00000  30.00000  2.3671157      38.011536    
-180.00000 150.00000  60.00000  2.0452290      5.7079964    
-180.00000 150.00000  90.00000  2.0273972      4.6686592    
-180.00000 150.00000 120.00000  2.1504884      4.8415051    
-180.00000 150.00000 150.00000  2.4424033      5.1742206    
