Ramachandran energy map for glycine. Grid size of 15 degrees used.              
*
  576
-180.00000-180.00000-180.00000  2.7130606      5.4469533    
-180.00000-180.00000-165.00000  2.6433468      5.3735619    
-180.00000-180.00000-150.00000  2.4809501      5.1995759    
-180.00000-180.00000-135.00000  2.3121223      5.0097404    
-180.00000-180.00000-120.00000  2.1865029      4.8520794    
-180.00000-180.00000-105.00000  2.1072628      4.7326035    
-180.00000-180.00000 -90.00000  2.0611153      4.6648579    
-180.00000-180.00000 -75.00000  2.0449624      4.7761173    
-180.00000-180.00000 -60.00000  2.0774388      5.6218262    
-180.00000-180.00000 -45.00000  2.1927054      9.2588139    
-180.00000-180.00000 -30.00000  2.4055064      24.208897    
-180.00000-180.00000 -15.00000  2.6571617      102.96818    
-180.00000-180.00000   0.00000  2.7888582      251.37988    
-180.00000-180.00000  15.00000  2.6571615      102.96857    
-180.00000-180.00000  30.00000  2.4055071      24.208994    
-180.00000-180.00000  45.00000  2.1927054      9.2588367    
-180.00000-180.00000  60.00000  2.0774403      5.6218295    
-180.00000-180.00000  75.00000  2.0449615      4.7761078    
-180.00000-180.00000  90.00000  2.0611150      4.6648579    
-180.00000-180.00000 105.00000  2.1072626      4.7325940    
-180.00000-180.00000 120.00000  2.1865072      4.8520789    
-180.00000-180.00000 135.00000  2.3121245      5.0097399    
-180.00000-180.00000 150.00000  2.4809513      5.1995835    
-180.00000-180.00000 165.00000  2.6433418      5.3735614    
-180.00000-165.00000-180.00000  2.7007573      5.4347806    
-180.00000-165.00000-165.00000  2.6308117      5.3647194    
-180.00000-165.00000-150.00000  2.4710529      5.1968665    
-180.00000-165.00000-135.00000  2.3044422      5.0129285    
-180.00000-165.00000-120.00000  2.1797347      4.8602858    
-180.00000-165.00000-105.00000  2.1010697      4.7457995    
-180.00000-165.00000 -90.00000  2.0555608      4.6826396    
-180.00000-165.00000 -75.00000  2.0396891      4.7965989    
-180.00000-165.00000 -60.00000  2.0715370      5.6662326    
-180.00000-165.00000 -45.00000  2.1850913      9.8163490    
-180.00000-165.00000 -30.00000  2.3964150      32.237507    
-180.00000-165.00000 -15.00000  2.6492558      142.23927    
-180.00000-165.00000   0.00000  2.7656665      180.90099    
-180.00000-165.00000  15.00000  2.6381063      59.069614    
-180.00000-165.00000  30.00000  2.3920374      20.381626    
-180.00000-165.00000  45.00000  2.1765451      9.0331793    
-180.00000-165.00000  60.00000  2.0586190      5.5676112    
-180.00000-165.00000  75.00000  2.0252767      4.7178507    
-180.00000-165.00000  90.00000  2.0422719      4.6094108    
-180.00000-165.00000 105.00000  2.0901988      4.6862726    
-180.00000-165.00000 120.00000  2.1716080      4.8159642    
-180.00000-165.00000 135.00000  2.2997468      4.9831519    
-180.00000-165.00000 150.00000  2.4709196      5.1810713    
-180.00000-165.00000 165.00000  2.6333454      5.3597460    
-180.00000-150.00000-180.00000  2.6685495      5.4030795    
-180.00000-150.00000-165.00000  2.6003110      5.3377752    
-180.00000-150.00000-150.00000  2.4424012      5.1742282    
-180.00000-150.00000-135.00000  2.2758143      4.9925585    
-180.00000-150.00000-120.00000  2.1504848      4.8415108    
-180.00000-150.00000-105.00000  2.0719345      4.7292628    
-180.00000-150.00000 -90.00000  2.0273986      4.6686645    
-180.00000-150.00000 -75.00000  2.0127332      4.7864523    
-180.00000-150.00000 -60.00000  2.0452280      5.7080040    
-180.00000-150.00000 -45.00000  2.1580203      10.607610    
-180.00000-150.00000 -30.00000  2.3671126      38.011398    
-180.00000-150.00000 -15.00000  2.6112659      112.98813    
-180.00000-150.00000   0.00000  2.7206407      91.767563    
-180.00000-150.00000  15.00000  2.6020396      42.253654    
-180.00000-150.00000  30.00000  2.3528380      19.383358    
-180.00000-150.00000  45.00000  2.1312945      9.0328007    
-180.00000-150.00000  60.00000  2.0100873      5.5188994    
-180.00000-150.00000  75.00000  1.9771360      4.6239214    
-180.00000-150.00000  90.00000  1.9973110      4.5123706    
-180.00000-150.00000 105.00000  2.0498018      4.6038251    
-180.00000-150.00000 120.00000  2.1360104      4.7512732    
-180.00000-150.00000 135.00000  2.2681735      4.9336567    
-180.00000-150.00000 150.00000  2.4410384      5.1416287    
-180.00000-150.00000 165.00000  2.6021860      5.3249445    
-180.00000-135.00000-180.00000  2.6220319      5.3576465    
-180.00000-135.00000-165.00000  2.5537076      5.2947035    
-180.00000-135.00000-150.00000  2.3941748      5.1311660    
-180.00000-135.00000-135.00000  2.2250497      4.9481940    
-180.00000-135.00000-120.00000  2.0982141      4.7966900    
-180.00000-135.00000-105.00000  2.0202289      4.6858282    
-180.00000-135.00000 -90.00000  1.9780600      4.6279244    
-180.00000-135.00000 -75.00000  1.9665356      4.7515659    
-180.00000-135.00000 -60.00000  2.0017040      5.7212648    
-180.00000-135.00000 -45.00000  2.1156025      10.865438    
-180.00000-135.00000 -30.00000  2.3233454      32.957157    
-180.00000-135.00000 -15.00000  2.5610464      64.899437    
-180.00000-135.00000   0.00000  2.6677258      58.098934    
-180.00000-135.00000  15.00000  2.5422568      38.562332    
-180.00000-135.00000  30.00000  2.2808084      19.838137    
-180.00000-135.00000  45.00000  2.0500848      9.4852161    
-180.00000-135.00000  60.00000  1.9258398      5.6300139    
-180.00000-135.00000  75.00000  1.8960299      4.5494022    
-180.00000-135.00000  90.00000  1.9236144      4.3876295    
-180.00000-135.00000 105.00000  1.9852852      4.4872446    
-180.00000-135.00000 120.00000  2.0802464      4.6589050    
-180.00000-135.00000 135.00000  2.2188544      4.8632836    
-180.00000-135.00000 150.00000  2.3945398      5.0851989    
-180.00000-135.00000 165.00000  2.5557582      5.2755079    
-180.00000-120.00000-180.00000  2.5632930      5.3009672    
-180.00000-120.00000-165.00000  2.4921594      5.2369914    
-180.00000-120.00000-150.00000  2.3282275      5.0699625    
-180.00000-120.00000-135.00000  2.1546059      4.8830619    
-180.00000-120.00000-120.00000  2.0253363      4.7295094    
-180.00000-120.00000-105.00000  1.9482691      4.6197233    
-180.00000-120.00000 -90.00000  1.9100453      4.5656395    
-180.00000-120.00000 -75.00000  1.9038874      4.6951709    
-180.00000-120.00000 -60.00000  1.9439232      5.6590333    
-180.00000-120.00000 -45.00000  2.0607462      10.199233    
-180.00000-120.00000 -30.00000  2.2680235      24.635670    
-180.00000-120.00000 -15.00000  2.4995487      43.835674    
-180.00000-120.00000   0.00000  2.5941069      50.728119    
-180.00000-120.00000  15.00000  2.4508848      39.834499    
-180.00000-120.00000  30.00000  2.1720934      22.997589    
-180.00000-120.00000  45.00000  1.9289646      11.953966    
-180.00000-120.00000  60.00000  1.8009663      6.8007393    
-180.00000-120.00000  75.00000  1.7773989      4.9190354    
-180.00000-120.00000  90.00000  1.8184918      4.3844728    
-180.00000-120.00000 105.00000  1.8962456      4.3733902    
-180.00000-120.00000 120.00000  2.0057127      4.5482368    
-180.00000-120.00000 135.00000  2.1546047      4.7777185    
-180.00000-120.00000 150.00000  2.3354867      5.0174451    
-180.00000-120.00000 165.00000  2.4979775      5.2161908    
-180.00000-105.00000-180.00000  2.5072773      5.2485809    
-180.00000-105.00000-165.00000  2.4349804      5.1843576    
-180.00000-105.00000-150.00000  2.2674477      5.0140414    
-180.00000-105.00000-135.00000  2.0876689      4.8210630    
-180.00000-105.00000-120.00000  1.9524964      4.6615977    
-180.00000-105.00000-105.00000  1.8733797      4.5496616    
-180.00000-105.00000 -90.00000  1.8380508      4.4982033    
-180.00000-105.00000 -75.00000  1.8377534      4.6307597    
-180.00000-105.00000 -60.00000  1.8832229      5.5438743    
-180.00000-105.00000 -45.00000  2.0021887      9.3782187    
-180.00000-105.00000 -30.00000  2.2059760      20.406908    
-180.00000-105.00000 -15.00000  2.4266713      38.677517    
-180.00000-105.00000   0.00000  2.5055535      51.819340    
-180.00000-105.00000  15.00000  2.3474181      48.860340    
-180.00000-105.00000  30.00000  2.0533435      38.456367    
-180.00000-105.00000  45.00000  1.7915403      25.876377    
-180.00000-105.00000  60.00000  1.6517128      16.501301    
-180.00000-105.00000  75.00000  1.6323756      9.7070618    
-180.00000-105.00000  90.00000  1.6917206      5.5896521    
-180.00000-105.00000 105.00000  1.7933241      4.4470162    
-180.00000-105.00000 120.00000  1.9241896      4.4555464    
-180.00000-105.00000 135.00000  2.0878739      4.6954017    
-180.00000-105.00000 150.00000  2.2764697      4.9535065    
-180.00000-105.00000 165.00000  2.4416497      5.1609573    
-180.00000 -90.00000-180.00000  2.5260320      5.2733288    
-180.00000 -90.00000-165.00000  2.4748011      5.2301002    
-180.00000 -90.00000-150.00000  2.3229074      5.0751076    
-180.00000 -90.00000-135.00000  2.1421342      4.8808289    
-180.00000 -90.00000-120.00000  1.9885885      4.7026906    
-180.00000 -90.00000-105.00000  1.8844337      4.5654149    
-180.00000 -90.00000 -90.00000  1.8308021      4.4951386    
-180.00000 -90.00000 -75.00000  1.8234147      4.6163158    
-180.00000 -90.00000 -60.00000  1.8674256      5.4786730    
-180.00000 -90.00000 -45.00000  1.9833769      8.9693718    
-180.00000 -90.00000 -30.00000  2.1801541      19.275673    
-180.00000 -90.00000 -15.00000  2.3955772      39.225185    
-180.00000 -90.00000   0.00000  2.4869490      62.968102    
-180.00000 -90.00000  15.00000  2.3705785      94.717575    
-180.00000 -90.00000  30.00000  2.1152916      129.94124    
-180.00000 -90.00000  45.00000  1.8513858      155.21269    
-180.00000 -90.00000  60.00000  1.6748023      163.81923    
-180.00000 -90.00000  75.00000  1.5936748      66.004723    
-180.00000 -90.00000  90.00000  1.6250800      14.059585    
-180.00000 -90.00000 105.00000  1.7361392      5.1977978    
-180.00000 -90.00000 120.00000  1.8874288      4.4640365    
-180.00000 -90.00000 135.00000  2.0683002      4.6734953    
-180.00000 -90.00000 150.00000  2.2684269      4.9475555    
-180.00000 -90.00000 165.00000  2.4443145      5.1688223    
-180.00000 -75.00000-180.00000  2.9025695      5.6591969    
-180.00000 -75.00000-165.00000  3.0212018      5.7846012    
-180.00000 -75.00000-150.00000  3.0549474      5.8143263    
-180.00000 -75.00000-135.00000  2.9714146      5.7165861    
-180.00000 -75.00000-120.00000  2.7325473      5.4525385    
-180.00000 -75.00000-105.00000  2.4129264      5.0990930    
-180.00000 -75.00000 -90.00000  2.1659362      4.8342209    
-180.00000 -75.00000 -75.00000  2.0549507      4.8475094    
-180.00000 -75.00000 -60.00000  2.0574315      5.6462407    
-180.00000 -75.00000 -45.00000  2.1573589      9.0683718    
-180.00000 -75.00000 -30.00000  2.3587649      19.884031    
-180.00000 -75.00000 -15.00000  2.6372609      46.334423    
-180.00000 -75.00000   0.00000  2.9424932      119.94743    
-180.00000 -75.00000  15.00000  3.3028698      387.44424    
-180.00000 -75.00000  30.00000  3.8032949      1070.0554    
-180.00000 -75.00000  45.00000  4.6983218      4824.5083    
-180.00000 -75.00000  60.00000  4.3020606      4995.2056    
-180.00000 -75.00000  75.00000  2.6635666      633.63824    
-180.00000 -75.00000  90.00000  2.0180392      43.420174    
-180.00000 -75.00000 105.00000  1.9483564      6.8116241    
-180.00000 -75.00000 120.00000  2.0674319      4.7243366    
-180.00000 -75.00000 135.00000  2.2569220      4.8772054    
-180.00000 -75.00000 150.00000  2.4818115      5.1730571    
-180.00000 -75.00000 165.00000  2.7118785      5.4471936    
-180.00000 -60.00000-180.00000  4.9551702      7.7252913    
-180.00000 -60.00000-165.00000  6.5215836      9.2961121    
-180.00000 -60.00000-150.00000  8.4754314      11.244446    
-180.00000 -60.00000-135.00000  9.3575525      12.111326    
-180.00000 -60.00000-120.00000  7.9158258      10.643451    
-180.00000 -60.00000-105.00000  5.4745398      8.1669693    
-180.00000 -60.00000 -90.00000  3.8109179      6.4828677    
-180.00000 -60.00000 -75.00000  3.1118207      5.9037423    
-180.00000 -60.00000 -60.00000  2.9265320      6.5216899    
-180.00000 -60.00000 -45.00000  2.9957113      10.129360    
-180.00000 -60.00000 -30.00000  3.3182306      23.749868    
-180.00000 -60.00000 -15.00000  4.1218152      81.350006    
-180.00000 -60.00000   0.00000  6.1455460      486.18384    
-180.00000 -60.00000  15.00000  11.662422      3247.3843    
-180.00000 -60.00000  30.00000  35.993881      64874.934    
-180.00000 -60.00000  45.00000  102.74842      1162215.9    
-180.00000 -60.00000  60.00000  46.197895      150952.55    
-180.00000 -60.00000  75.00000  9.8914785      2310.6628    
-180.00000 -60.00000  90.00000  4.2197928      64.755310    
-180.00000 -60.00000 105.00000  3.0757337      8.1830645    
-180.00000 -60.00000 120.00000  2.9562607      5.6475077    
-180.00000 -60.00000 135.00000  3.1325433      5.7838955    
-180.00000 -60.00000 150.00000  3.4632213      6.1777301    
-180.00000 -60.00000 165.00000  4.0103302      6.7629294    
-180.00000 -45.00000-180.00000  18.542278      21.329865    
-180.00000 -45.00000-165.00000  36.856461      39.645466    
-180.00000 -45.00000-150.00000  58.936043      61.717762    
-180.00000 -45.00000-135.00000  59.396687      62.161945    
-180.00000 -45.00000-120.00000  36.691029      39.428791    
-180.00000 -45.00000-105.00000  17.225336      19.925537    
-180.00000 -45.00000 -90.00000  8.8577337      11.533111    
-180.00000 -45.00000 -75.00000  6.2871079      9.0810308    
-180.00000 -45.00000 -60.00000  5.6805391      9.3542719    
-180.00000 -45.00000 -45.00000  5.8788180      14.084793    
-180.00000 -45.00000 -30.00000  7.2688184      41.223713    
-180.00000 -45.00000 -15.00000  12.607995      291.88913    
-180.00000 -45.00000   0.00000  33.998447      3893.1812    
-180.00000 -45.00000  15.00000  202.93350      141512.19    
-180.00000 -45.00000  30.00000  4678.8403     2.22993328E+08
-180.00000 -45.00000  45.00000  6081.6777     5.24726080E+08
-180.00000 -45.00000  60.00000  264.26843      253161.48    
-180.00000 -45.00000  75.00000  30.725481      1229.5223    
-180.00000 -45.00000  90.00000  10.423034      40.640522    
-180.00000 -45.00000 105.00000  6.3948698      10.238099    
-180.00000 -45.00000 120.00000  5.7659526      8.4436255    
-180.00000 -45.00000 135.00000  6.0486393      8.7418213    
-180.00000 -45.00000 150.00000  7.1256065      9.8716927    
-180.00000 -45.00000 165.00000  10.190024      12.965305    
-180.00000 -30.00000-180.00000  163.84657      166.65297    
-180.00000 -30.00000-165.00000  384.52466      387.32993    
-180.00000 -30.00000-150.00000  493.38928      496.18579    
-180.00000 -30.00000-135.00000  306.56012      309.33902    
-180.00000 -30.00000-120.00000  113.08551      115.83505    
-180.00000 -30.00000-105.00000  37.614864      40.322769    
-180.00000 -30.00000 -90.00000  17.785166      20.461842    
-180.00000 -30.00000 -75.00000  13.257440      16.070213    
-180.00000 -30.00000 -60.00000  12.707042      16.757521    
-180.00000 -30.00000 -45.00000  15.033237      28.186062    
-180.00000 -30.00000 -30.00000  27.545164      138.24033    
-180.00000 -30.00000 -15.00000  93.479759      2135.4717    
-180.00000 -30.00000   0.00000  666.42755      100186.04    
-180.00000 -30.00000  15.00000  103782.61     6.07777088E+08
-180.00000 -30.00000  30.00000  3044109.3     2.00000000E+09
-180.00000 -30.00000  45.00000  15595.719      17206868.    
-180.00000 -30.00000  60.00000  289.52988      12299.351    
-180.00000 -30.00000  75.00000  54.317726      203.84735    
-180.00000 -30.00000  90.00000  19.424879      27.708399    
-180.00000 -30.00000 105.00000  13.375981      16.281824    
-180.00000 -30.00000 120.00000  12.844443      15.525055    
-180.00000 -30.00000 135.00000  14.801440      17.537897    
-180.00000 -30.00000 150.00000  23.064613      25.842962    
-180.00000 -30.00000 165.00000  55.369617      58.168549    
-180.00000 -15.00000-180.00000  1677.3058      1680.1271    
-180.00000 -15.00000-165.00000  2600.7239      2603.5427    
-180.00000 -15.00000-150.00000  1607.4490      1610.2582    
-180.00000 -15.00000-135.00000  497.00195      499.79193    
-180.00000 -15.00000-120.00000  124.19198      126.94851    
-180.00000 -15.00000-105.00000  42.823498      45.529057    
-180.00000 -15.00000 -90.00000  26.677683      29.343334    
-180.00000 -15.00000 -75.00000  24.089869      27.010515    
-180.00000 -15.00000 -60.00000  27.849951      33.845562    
-180.00000 -15.00000 -45.00000  53.359894      96.556137    
-180.00000 -15.00000 -30.00000  218.08612      1049.9867    
-180.00000 -15.00000 -15.00000  1669.6823      55642.816    
-180.00000 -15.00000   0.00000  547074.88     1.37321456E+08
-180.00000 -15.00000  15.00000 1.97545446E+09 2.00000000E+09
-180.00000 -15.00000  30.00000  364696.69      82226704.    
-180.00000 -15.00000  45.00000  1459.0072      34147.504    
-180.00000 -15.00000  60.00000  196.27867      532.76074    
-180.00000 -15.00000  75.00000  49.249443      64.356461    
-180.00000 -15.00000  90.00000  27.058832      30.336855    
-180.00000 -15.00000 105.00000  24.168180      26.828545    
-180.00000 -15.00000 120.00000  27.449001      30.161322    
-180.00000 -15.00000 135.00000  45.597065      48.367855    
-180.00000 -15.00000 150.00000  134.63719      137.43951    
-180.00000 -15.00000 165.00000  533.37036      536.18713    
-180.00000   0.00000-180.00000  4976.9697      4979.7969    
-180.00000   0.00000-165.00000  3013.8933      3016.7170    
-180.00000   0.00000-150.00000  859.09357      861.90631    
-180.00000   0.00000-135.00000  193.55624      196.34561    
-180.00000   0.00000-120.00000  59.938778      62.684158    
-180.00000   0.00000-105.00000  34.918159      37.593925    
-180.00000   0.00000 -90.00000  30.830034      33.499386    
-180.00000   0.00000 -75.00000  35.448460      39.333130    
-180.00000   0.00000 -60.00000  69.788841      92.395699    
-180.00000   0.00000 -45.00000  311.08176      782.07690    
-180.00000   0.00000 -30.00000  2525.3516      41534.391    
-180.00000   0.00000 -15.00000  932080.31      75281936.    
-180.00000   0.00000   0.00000 2.00000000E+09 2.00000000E+09
-180.00000   0.00000  15.00000  932122.44      75285552.    
-180.00000   0.00000  30.00000  2525.3838      41535.461    
-180.00000   0.00000  45.00000  311.08432      782.08722    
-180.00000   0.00000  60.00000  69.789185      92.396286    
-180.00000   0.00000  75.00000  35.448513      39.333214    
-180.00000   0.00000  90.00000  30.830036      33.499393    
-180.00000   0.00000 105.00000  34.918140      37.593906    
-180.00000   0.00000 120.00000  59.938610      62.683994    
-180.00000   0.00000 135.00000  193.55565      196.34502    
-180.00000   0.00000 150.00000  859.08997      861.90271    
-180.00000   0.00000 165.00000  3013.8811      3016.7048    
-180.00000  15.00000-180.00000  1677.3195      1680.1409    
-180.00000  15.00000-165.00000  533.37549      536.19232    
-180.00000  15.00000-150.00000  134.63818      137.44051    
-180.00000  15.00000-135.00000  45.597294      48.368088    
-180.00000  15.00000-120.00000  27.449078      30.161407    
-180.00000  15.00000-105.00000  24.168221      26.828588    
-180.00000  15.00000 -90.00000  27.058855      30.336868    
-180.00000  15.00000 -75.00000  49.249447      64.356369    
-180.00000  15.00000 -60.00000  196.27824      532.75537    
-180.00000  15.00000 -45.00000  1458.9962      34146.645    
-180.00000  15.00000 -30.00000  364684.34      82222536.    
-180.00000  15.00000 -15.00000 1.97549683E+09 2.00000000E+09
-180.00000  15.00000   0.00000  547101.25     1.37328224E+08
-180.00000  15.00000  15.00000  1669.7076      55644.082    
-180.00000  15.00000  30.00000  218.08826      1049.9995    
-180.00000  15.00000  45.00000  53.360203      96.556801    
-180.00000  15.00000  60.00000  27.850039      33.845684    
-180.00000  15.00000  75.00000  24.089912      27.010569    
-180.00000  15.00000  90.00000  26.677717      29.343380    
-180.00000  15.00000 105.00000  42.823551      45.529110    
-180.00000  15.00000 120.00000  124.19175      126.94830    
-180.00000  15.00000 135.00000  497.00198      499.79199    
-180.00000  15.00000 150.00000  1607.4517      1610.2609    
-180.00000  15.00000 165.00000  2600.7371      2603.5559    
-180.00000  30.00000-180.00000  163.84837      166.65477    
-180.00000  30.00000-165.00000  55.370029      58.168961    
-180.00000  30.00000-150.00000  23.064747      25.843103    
-180.00000  30.00000-135.00000  14.801504      17.537954    
-180.00000  30.00000-120.00000  12.844491      15.525112    
-180.00000  30.00000-105.00000  13.376021      16.281862    
-180.00000  30.00000 -90.00000  19.424921      27.708384    
-180.00000  30.00000 -75.00000  54.317757      203.84557    
-180.00000  30.00000 -60.00000  289.53018      12299.135    
-180.00000  30.00000 -45.00000  15595.578      17206244.    
-180.00000  30.00000 -30.00000  3044165.5     2.00000000E+09
-180.00000  30.00000 -15.00000  103786.95     6.07814208E+08
-180.00000  30.00000   0.00000  666.44025      100188.42    
-180.00000  30.00000  15.00000  93.480812      2135.5010    
-180.00000  30.00000  30.00000  27.545364      138.24152    
-180.00000  30.00000  45.00000  15.033313      28.186216    
-180.00000  30.00000  60.00000  12.707092      16.757582    
-180.00000  30.00000  75.00000  13.257486      16.070265    
-180.00000  30.00000  90.00000  17.785212      20.461901    
-180.00000  30.00000 105.00000  37.614944      40.322853    
-180.00000  30.00000 120.00000  113.08588      115.83543    
-180.00000  30.00000 135.00000  306.56244      309.34134    
-180.00000  30.00000 150.00000  493.39371      496.19022    
-180.00000  30.00000 165.00000  384.52866      387.33389    
-180.00000  45.00000-180.00000  18.542391      21.329966    
-180.00000  45.00000-165.00000  10.190063      12.965354    
-180.00000  45.00000-150.00000  7.1256270      9.8717165    
-180.00000  45.00000-135.00000  6.0486550      8.7418451    
-180.00000  45.00000-120.00000  5.7659640      8.4436369    
-180.00000  45.00000-105.00000  6.3948822      10.238106    
-180.00000  45.00000 -90.00000  10.423036      40.640121    
-180.00000  45.00000 -75.00000  30.725512      1229.5099    
-180.00000  45.00000 -60.00000  264.26773      253157.00    
-180.00000  45.00000 -45.00000  6081.7139     5.24721952E+08
-180.00000  45.00000 -30.00000  4678.9395     2.23003456E+08
-180.00000  45.00000 -15.00000  202.93692      141516.22    
-180.00000  45.00000   0.00000  33.998730      3893.2217    
-180.00000  45.00000  15.00000  12.608052      291.89096    
-180.00000  45.00000  30.00000  7.2688384      41.223785    
-180.00000  45.00000  45.00000  5.8788333      14.084834    
-180.00000  45.00000  60.00000  5.6805525      9.3542967    
-180.00000  45.00000  75.00000  6.2871213      9.0810442    
-180.00000  45.00000  90.00000  8.8577633      11.533143    
-180.00000  45.00000 105.00000  17.225348      19.925552    
-180.00000  45.00000 120.00000  36.691151      39.428921    
-180.00000  45.00000 135.00000  59.397003      62.162251    
-180.00000  45.00000 150.00000  58.936497      61.718212    
-180.00000  45.00000 165.00000  36.856701      39.645706    
-180.00000  60.00000-180.00000  4.9551802      7.7253089    
-180.00000  60.00000-165.00000  4.0103335      6.7629423    
-180.00000  60.00000-150.00000  3.4632275      6.1777339    
-180.00000  60.00000-135.00000  3.1325467      5.7838984    
-180.00000  60.00000-120.00000  2.9562609      5.6475053    
-180.00000  60.00000-105.00000  3.0757387      8.1830673    
-180.00000  60.00000 -90.00000  4.2198000      64.754799    
-180.00000  60.00000 -75.00000  9.8914919      2310.6416    
-180.00000  60.00000 -60.00000  46.198128      150952.66    
-180.00000  60.00000 -45.00000  102.74971      1162241.9    
-180.00000  60.00000 -30.00000  35.994270      64876.348    
-180.00000  60.00000 -15.00000  11.662493      3247.4153    
-180.00000  60.00000   0.00000  6.1455665      486.18658    
-180.00000  60.00000  15.00000  4.1218209      81.350243    
-180.00000  60.00000  30.00000  3.3182359      23.749947    
-180.00000  60.00000  45.00000  2.9957128      10.129378    
-180.00000  60.00000  60.00000  2.9265332      6.5217071    
-180.00000  60.00000  75.00000  3.1118252      5.9037399    
-180.00000  60.00000  90.00000  3.8109248      6.4828773    
-180.00000  60.00000 105.00000  5.4745564      8.1669827    
-180.00000  60.00000 120.00000  7.9158616      10.643483    
-180.00000  60.00000 135.00000  9.3575983      12.111370    
-180.00000  60.00000 150.00000  8.4754620      11.244484    
-180.00000  60.00000 165.00000  6.5216031      9.2961321    
-180.00000  75.00000-180.00000  2.9025726      5.6592045    
-180.00000  75.00000-165.00000  2.7118783      5.4471955    
-180.00000  75.00000-150.00000  2.4818168      5.1730719    
-180.00000  75.00000-135.00000  2.2569253      4.8772140    
-180.00000  75.00000-120.00000  2.0674331      4.7243295    
-180.00000  75.00000-105.00000  1.9483560      6.8116150    
-180.00000  75.00000 -90.00000  2.0180430      43.420273    
-180.00000  75.00000 -75.00000  2.6635735      633.64050    
-180.00000  75.00000 -60.00000  4.3020830      4995.2578    
-180.00000  75.00000 -45.00000  4.6983519      4824.5864    
-180.00000  75.00000 -30.00000  3.8033059      1070.0646    
-180.00000  75.00000 -15.00000  3.3028805      387.44690    
-180.00000  75.00000   0.00000  2.9424961      119.94782    
-180.00000  75.00000  15.00000  2.6372647      46.334625    
-180.00000  75.00000  30.00000  2.3587677      19.884130    
-180.00000  75.00000  45.00000  2.1573596      9.0683784    
-180.00000  75.00000  60.00000  2.0574312      5.6462502    
-180.00000  75.00000  75.00000  2.0549545      4.8475151    
-180.00000  75.00000  90.00000  2.1659379      4.8342299    
-180.00000  75.00000 105.00000  2.4129295      5.0990963    
-180.00000  75.00000 120.00000  2.7325518      5.4525433    
-180.00000  75.00000 135.00000  2.9714203      5.7166038    
-180.00000  75.00000 150.00000  3.0549531      5.8143229    
-180.00000  75.00000 165.00000  3.0212066      5.7845993    
-180.00000  90.00000-180.00000  2.5260296      5.2733278    
-180.00000  90.00000-165.00000  2.4443083      5.1688089    
-180.00000  90.00000-150.00000  2.2684243      4.9475617    
-180.00000  90.00000-135.00000  2.0683036      4.6735029    
-180.00000  90.00000-120.00000  1.8874298      4.4640360    
-180.00000  90.00000-105.00000  1.7361399      5.1977963    
-180.00000  90.00000 -90.00000  1.6250799      14.059540    
-180.00000  90.00000 -75.00000  1.5936744      66.004936    
-180.00000  90.00000 -60.00000  1.6748035      163.82007    
-180.00000  90.00000 -45.00000  1.8513825      155.21301    
-180.00000  90.00000 -30.00000  2.1152904      129.94109    
-180.00000  90.00000 -15.00000  2.3705761      94.717354    
-180.00000  90.00000   0.00000  2.4869468      62.968010    
-180.00000  90.00000  15.00000  2.3955729      39.225178    
-180.00000  90.00000  30.00000  2.1801558      19.275650    
-180.00000  90.00000  45.00000  1.9833779      8.9693766    
-180.00000  90.00000  60.00000  1.8674253      5.4786620    
-180.00000  90.00000  75.00000  1.8234142      4.6163092    
-180.00000  90.00000  90.00000  1.8308007      4.4951339    
-180.00000  90.00000 105.00000  1.8844310      4.5654144    
-180.00000  90.00000 120.00000  1.9885902      4.7027025    
-180.00000  90.00000 135.00000  2.1421323      4.8808222    
-180.00000  90.00000 150.00000  2.3229070      5.0751095    
-180.00000  90.00000 165.00000  2.4747999      5.2300978    
-180.00000 105.00000-180.00000  2.5072777      5.2485814    
-180.00000 105.00000-165.00000  2.4416454      5.1609578    
-180.00000 105.00000-150.00000  2.2764645      4.9535069    
-180.00000 105.00000-135.00000  2.0878742      4.6954098    
-180.00000 105.00000-120.00000  1.9241910      4.4555469    
-180.00000 105.00000-105.00000  1.7933240      4.4470115    
-180.00000 105.00000 -90.00000  1.6917205      5.5896492    
-180.00000 105.00000 -75.00000  1.6323767      9.7071133    
-180.00000 105.00000 -60.00000  1.6517112      16.501331    
-180.00000 105.00000 -45.00000  1.7915424      25.876459    
-180.00000 105.00000 -30.00000  2.0533435      38.456425    
-180.00000 105.00000 -15.00000  2.3474188      48.860416    
-180.00000 105.00000   0.00000  2.5055532      51.819389    
-180.00000 105.00000  15.00000  2.4266701      38.677532    
-180.00000 105.00000  30.00000  2.2059789      20.406940    
-180.00000 105.00000  45.00000  2.0021896      9.3782320    
-180.00000 105.00000  60.00000  1.8832257      5.5438886    
-180.00000 105.00000  75.00000  1.8377533      4.6307707    
-180.00000 105.00000  90.00000  1.8380506      4.4981999    
-180.00000 105.00000 105.00000  1.8733785      4.5496583    
-180.00000 105.00000 120.00000  1.9524950      4.6615934    
-180.00000 105.00000 135.00000  2.0876701      4.8210707    
-180.00000 105.00000 150.00000  2.2674465      5.0140414    
-180.00000 105.00000 165.00000  2.4349833      5.1843653    
-180.00000 120.00000-180.00000  2.5632961      5.3009720    
-180.00000 120.00000-165.00000  2.4979773      5.2161903    
-180.00000 120.00000-150.00000  2.3354924      5.0174527    
-180.00000 120.00000-135.00000  2.1546047      4.7777185    
-180.00000 120.00000-120.00000  2.0057170      4.5482411    
-180.00000 120.00000-105.00000  1.8962471      4.3733830    
-180.00000 120.00000 -90.00000  1.8184929      4.3844733    
-180.00000 120.00000 -75.00000  1.7773987      4.9190545    
-180.00000 120.00000 -60.00000  1.8009661      6.8007617    
-180.00000 120.00000 -45.00000  1.9289629      11.953956    
-180.00000 120.00000 -30.00000  2.1720932      22.997564    
-180.00000 120.00000 -15.00000  2.4508855      39.834431    
-180.00000 120.00000   0.00000  2.5941095      50.728180    
-180.00000 120.00000  15.00000  2.4995506      43.835796    
-180.00000 120.00000  30.00000  2.2680237      24.635689    
-180.00000 120.00000  45.00000  2.0607481      10.199255    
-180.00000 120.00000  60.00000  1.9439232      5.6590414    
-180.00000 120.00000  75.00000  1.9038874      4.6951675    
-180.00000 120.00000  90.00000  1.9100417      4.5656395    
-180.00000 120.00000 105.00000  1.9482704      4.6197233    
-180.00000 120.00000 120.00000  2.0253336      4.7295089    
-180.00000 120.00000 135.00000  2.1546035      4.8830585    
-180.00000 120.00000 150.00000  2.3282249      5.0699673    
-180.00000 120.00000 165.00000  2.4921629      5.2369967    
-180.00000 135.00000-180.00000  2.6220307      5.3576465    
-180.00000 135.00000-165.00000  2.5557563      5.2755008    
-180.00000 135.00000-150.00000  2.3945408      5.0852075    
-180.00000 135.00000-135.00000  2.2188551      4.8632865    
-180.00000 135.00000-120.00000  2.0802467      4.6589108    
-180.00000 135.00000-105.00000  1.9852852      4.4872446    
-180.00000 135.00000 -90.00000  1.9236190      4.3876390    
-180.00000 135.00000 -75.00000  1.8960298      4.5494018    
-180.00000 135.00000 -60.00000  1.9258409      5.6300182    
-180.00000 135.00000 -45.00000  2.0500846      9.4852114    
-180.00000 135.00000 -30.00000  2.2808087      19.838140    
-180.00000 135.00000 -15.00000  2.5422575      38.562283    
-180.00000 135.00000   0.00000  2.6677246      58.098816    
-180.00000 135.00000  15.00000  2.5610449      64.899216    
-180.00000 135.00000  30.00000  2.3233433      32.957169    
-180.00000 135.00000  45.00000  2.1156015      10.865457    
-180.00000 135.00000  60.00000  2.0017052      5.7212648    
-180.00000 135.00000  75.00000  1.9665340      4.7515616    
-180.00000 135.00000  90.00000  1.9780624      4.6279321    
-180.00000 135.00000 105.00000  2.0202322      4.6858277    
-180.00000 135.00000 120.00000  2.0982127      4.7966895    
-180.00000 135.00000 135.00000  2.2250471      4.9481983    
-180.00000 135.00000 150.00000  2.3941772      5.1311660    
-180.00000 135.00000 165.00000  2.5537045      5.2947063    
-180.00000 150.00000-180.00000  2.6685505      5.4030833    
-180.00000 150.00000-165.00000  2.6021864      5.3249464    
-180.00000 150.00000-150.00000  2.4410305      5.1416097    
-180.00000 150.00000-135.00000  2.2681713      4.9336514    
-180.00000 150.00000-120.00000  2.1360152      4.7512732    
-180.00000 150.00000-105.00000  2.0498018      4.6038251    
-180.00000 150.00000 -90.00000  1.9973110      4.5123777    
-180.00000 150.00000 -75.00000  1.9771360      4.6239262    
-180.00000 150.00000 -60.00000  2.0100856      5.5189013    
-180.00000 150.00000 -45.00000  2.1312954      9.0327806    
-180.00000 150.00000 -30.00000  2.3528347      19.383320    
-180.00000 150.00000 -15.00000  2.6020343      42.253513    
-180.00000 150.00000   0.00000  2.7206423      91.767220    
-180.00000 150.00000  15.00000  2.6112673      112.98796    
-180.00000 150.00000  30.00000  2.3671157      38.011536    
-180.00000 150.00000  45.00000  2.1580188      10.607611    
-180.00000 150.00000  60.00000  2.0452290      5.7079964    
-180.00000 150.00000  75.00000  2.0127318      4.7864528    
-180.00000 150.00000  90.00000  2.0273972      4.6686592    
-180.00000 150.00000 105.00000  2.0719335      4.7292628    
-180.00000 150.00000 120.00000  2.1504884      4.8415051    
-180.00000 150.00000 135.00000  2.2758124      4.9925632    
-180.00000 150.00000 150.00000  2.4424033      5.1742206    
-180.00000 150.00000 165.00000  2.6003063      5.3377614    
-180.00000 165.00000-180.00000  2.7007596      5.4347920    
-180.00000 165.00000-165.00000  2.6333461      5.3597622    
-180.00000 165.00000-150.00000  2.4709191      5.1810813    
-180.00000 165.00000-135.00000  2.2997472      4.9831524    
-180.00000 165.00000-120.00000  2.1716065      4.8159566    
-180.00000 165.00000-105.00000  2.0901964      4.6862731    
-180.00000 165.00000 -90.00000  2.0422726      4.6094146    
-180.00000 165.00000 -75.00000  2.0252752      4.7178626    
-180.00000 165.00000 -60.00000  2.0586214      5.5676055    
-180.00000 165.00000 -45.00000  2.1765440      9.0331669    
-180.00000 165.00000 -30.00000  2.3920403      20.381596    
-180.00000 165.00000 -15.00000  2.6381087      59.069607    
-180.00000 165.00000   0.00000  2.7656705      180.90086    
-180.00000 165.00000  15.00000  2.6492572      142.24030    
-180.00000 165.00000  30.00000  2.3964107      32.237644    
-180.00000 165.00000  45.00000  2.1850903      9.8163624    
-180.00000 165.00000  60.00000  2.0715361      5.6662359    
-180.00000 165.00000  75.00000  2.0396864      4.7966027    
-180.00000 165.00000  90.00000  2.0555606      4.6826434    
-180.00000 165.00000 105.00000  2.1010697      4.7457952    
-180.00000 165.00000 120.00000  2.1797371      4.8602934    
-180.00000 165.00000 135.00000  2.3044410      5.0129285    
-180.00000 165.00000 150.00000  2.4710517      5.1968570    
-180.00000 165.00000 165.00000  2.6308060      5.3647046    
