Ramachandran energy map for glycine. Grid size of 10 degrees used.              
*
 1296
-180.00000-180.00000-180.00000  2.7130606      5.4469533    
-180.00000-180.00000-170.00000  2.6809235      5.4131827    
-180.00000-180.00000-160.00000  2.5951216      5.3224144    
-180.00000-180.00000-150.00000  2.4809501      5.1995759    
-180.00000-180.00000-140.00000  2.3648989      5.0706887    
-180.00000-180.00000-130.00000  2.2645736      4.9527817    
-180.00000-180.00000-120.00000  2.1865029      4.8520794    
-180.00000-180.00000-110.00000  2.1293604      4.7682910    
-180.00000-180.00000-100.00000  2.0887425      4.7018886    
-180.00000-180.00000 -90.00000  2.0611153      4.6648579    
-180.00000-180.00000 -80.00000  2.0463343      4.7000504    
-180.00000-180.00000 -70.00000  2.0488296      4.9236355    
-180.00000-180.00000 -60.00000  2.0774388      5.6218262    
-180.00000-180.00000 -50.00000  2.1431568      7.4690151    
-180.00000-180.00000 -40.00000  2.2537582      12.082764    
-180.00000-180.00000 -30.00000  2.4055064      24.208897    
-180.00000-180.00000 -20.00000  2.5764971      61.629623    
-180.00000-180.00000 -10.00000  2.7253511      162.86606    
-180.00000-180.00000   0.00000  2.7888582      251.37988    
-180.00000-180.00000  10.00000  2.7253523      162.86646    
-180.00000-180.00000  20.00000  2.5764997      61.629986    
-180.00000-180.00000  30.00000  2.4055071      24.208994    
-180.00000-180.00000  40.00000  2.2537596      12.082771    
-180.00000-180.00000  50.00000  2.1431568      7.4690318    
-180.00000-180.00000  60.00000  2.0774403      5.6218295    
-180.00000-180.00000  70.00000  2.0488310      4.9236317    
-180.00000-180.00000  80.00000  2.0463345      4.7000513    
-180.00000-180.00000  90.00000  2.0611150      4.6648579    
-180.00000-180.00000 100.00000  2.0887425      4.7018809    
-180.00000-180.00000 110.00000  2.1293616      4.7682862    
-180.00000-180.00000 120.00000  2.1865072      4.8520789    
-180.00000-180.00000 130.00000  2.2645712      4.9527636    
-180.00000-180.00000 140.00000  2.3648958      5.0706849    
-180.00000-180.00000 150.00000  2.4809513      5.1995835    
-180.00000-180.00000 160.00000  2.5951271      5.3224144    
-180.00000-180.00000 170.00000  2.6809282      5.4131980    
-180.00000-170.00000-180.00000  2.7074599      5.4414110    
-180.00000-170.00000-170.00000  2.6746919      5.4086328    
-180.00000-170.00000-160.00000  2.5893953      5.3199601    
-180.00000-170.00000-150.00000  2.4764602      5.2000175    
-180.00000-170.00000-140.00000  2.3616023      5.0740523    
-180.00000-170.00000-130.00000  2.2620645      4.9587979    
-180.00000-170.00000-120.00000  2.1844530      4.8605967    
-180.00000-170.00000-110.00000  2.1276424      4.7792993    
-180.00000-170.00000-100.00000  2.0873480      4.7153935    
-180.00000-170.00000 -90.00000  2.0600128      4.6805258    
-180.00000-170.00000 -80.00000  2.0453939      4.7170916    
-180.00000-170.00000 -70.00000  2.0477881      4.9418650    
-180.00000-170.00000 -60.00000  2.0759652      5.6518340    
-180.00000-170.00000 -50.00000  2.1409292      7.6002383    
-180.00000-170.00000 -40.00000  2.2505727      12.919077    
-180.00000-170.00000 -30.00000  2.4018710      29.244568    
-180.00000-170.00000 -20.00000  2.5743763      83.031120    
-180.00000-170.00000 -10.00000  2.7227914      193.39168    
-180.00000-170.00000   0.00000  2.7777131      215.65970    
-180.00000-170.00000  10.00000  2.7120788      111.45416    
-180.00000-170.00000  20.00000  2.5683422      45.149422    
-180.00000-170.00000  30.00000  2.3991392      21.224270    
-180.00000-170.00000  40.00000  2.2465653      11.631612    
-180.00000-170.00000  50.00000  2.1346812      7.3907747    
-180.00000-170.00000  60.00000  2.0679317      5.5870280    
-180.00000-170.00000  70.00000  2.0387728      4.8898263    
-180.00000-170.00000  80.00000  2.0362277      4.6656842    
-180.00000-170.00000  90.00000  2.0513668      4.6324205    
-180.00000-170.00000 100.00000  2.0795960      4.6729102    
-180.00000-170.00000 110.00000  2.1209488      4.7433233    
-180.00000-170.00000 120.00000  2.1789174      4.8311567    
-180.00000-170.00000 130.00000  2.2579584      4.9357491    
-180.00000-170.00000 140.00000  2.3594191      5.0574050    
-180.00000-170.00000 150.00000  2.4765532      5.1896720    
-180.00000-170.00000 160.00000  2.5912063      5.3150196    
-180.00000-170.00000 170.00000  2.6764674      5.4070921    
-180.00000-160.00000-180.00000  2.6918476      5.4259992    
-180.00000-160.00000-170.00000  2.6593633      5.3950276    
-180.00000-160.00000-160.00000  2.5752683      5.3089228    
-180.00000-160.00000-150.00000  2.4635892      5.1915193    
-180.00000-160.00000-140.00000  2.3494618      5.0675621    
-180.00000-160.00000-130.00000  2.2501433      4.9538298    
-180.00000-160.00000-120.00000  2.1725180      4.8569841    
-180.00000-160.00000-110.00000  2.1157491      4.7771058    
-180.00000-160.00000-100.00000  2.0756381      4.7147179    
-180.00000-160.00000 -90.00000  2.0485997      4.6812258    
-180.00000-160.00000 -80.00000  2.0342598      4.7188950    
-180.00000-160.00000 -70.00000  2.0367897      4.9467878    
-180.00000-160.00000 -60.00000  2.0648458      5.6806674    
-180.00000-160.00000 -50.00000  2.1293290      7.7951980    
-180.00000-160.00000 -40.00000  2.2381232      14.118087    
-180.00000-160.00000 -30.00000  2.3886573      35.043667    
-180.00000-160.00000 -20.00000  2.5600290      95.887100    
-180.00000-160.00000 -10.00000  2.7022219      172.75490    
-180.00000-160.00000   0.00000  2.7514467      145.49817    
-180.00000-160.00000  10.00000  2.6906660      73.487747    
-180.00000-160.00000  20.00000  2.5514901      36.441410    
-180.00000-160.00000  30.00000  2.3821220      19.843172    
-180.00000-160.00000  40.00000  2.2276831      11.444337    
-180.00000-160.00000  50.00000  2.1139698      7.3514481    
-180.00000-160.00000  60.00000  2.0460172      5.5479293    
-180.00000-160.00000  70.00000  2.0164485      4.8404665    
-180.00000-160.00000  80.00000  2.0142467      4.6128206    
-180.00000-160.00000  90.00000  2.0302835      4.5817075    
-180.00000-160.00000 100.00000  2.0597641      4.6272445    
-180.00000-160.00000 110.00000  2.1025400      4.7037086    
-180.00000-160.00000 120.00000  2.1620021      4.7975945    
-180.00000-160.00000 130.00000  2.2425151      4.9077663    
-180.00000-160.00000 140.00000  2.3452365      5.0342011    
-180.00000-160.00000 150.00000  2.4630451      5.1701159    
-180.00000-160.00000 160.00000  2.5774050      5.2976203    
-180.00000-160.00000 170.00000  2.6616473      5.3907433    
-180.00000-150.00000-180.00000  2.6685495      5.4030795    
-180.00000-150.00000-170.00000  2.6367564      5.3741755    
-180.00000-150.00000-160.00000  2.5535853      5.2901378    
-180.00000-150.00000-150.00000  2.4424012      5.1742282    
-180.00000-150.00000-140.00000  2.3281765      5.0510778    
-180.00000-150.00000-130.00000  2.2284439      4.9378147    
-180.00000-150.00000-120.00000  2.1504848      4.8415108    
-180.00000-150.00000-110.00000  2.0936790      4.7624421    
-180.00000-150.00000-100.00000  2.0538790      4.7010832    
-180.00000-150.00000 -90.00000  2.0273986      4.6686645    
-180.00000-150.00000 -80.00000  2.0137136      4.7076178    
-180.00000-150.00000 -70.00000  2.0168347      4.9406681    
-180.00000-150.00000 -60.00000  2.0452280      5.7080040    
-180.00000-150.00000 -50.00000  2.1095998      8.0188370    
-180.00000-150.00000 -40.00000  2.2177441      15.254943    
-180.00000-150.00000 -30.00000  2.3671126      38.011398    
-180.00000-150.00000 -20.00000  2.5351975      88.385239    
-180.00000-150.00000 -10.00000  2.6714997      122.09209    
-180.00000-150.00000   0.00000  2.7206407      91.767563    
-180.00000-150.00000  10.00000  2.6640022      54.547047    
-180.00000-150.00000  20.00000  2.5250003      32.801903    
-180.00000-150.00000  30.00000  2.3528380      19.383358    
-180.00000-150.00000  40.00000  2.1952689      11.447046    
-180.00000-150.00000  50.00000  2.0792105      7.3646631    
-180.00000-150.00000  60.00000  2.0100873      5.5188994    
-180.00000-150.00000  70.00000  1.9805717      4.7822480    
-180.00000-150.00000  80.00000  1.9794569      4.5432076    
-180.00000-150.00000  90.00000  1.9973110      4.5123706    
-180.00000-150.00000 100.00000  2.0290339      4.5640922    
-180.00000-150.00000 110.00000  2.0742087      4.6489010    
-180.00000-150.00000 120.00000  2.1360104      4.7512732    
-180.00000-150.00000 130.00000  2.2185740      4.8690281    
-180.00000-150.00000 140.00000  2.3227348      5.0015230    
-180.00000-150.00000 150.00000  2.4410384      5.1416287    
-180.00000-150.00000 160.00000  2.5549655      5.2715912    
-180.00000-150.00000 170.00000  2.6384776      5.3662066    
-180.00000-140.00000-180.00000  2.6390224      5.3741822    
-180.00000-140.00000-170.00000  2.6074843      5.3467612    
-180.00000-140.00000-160.00000  2.5242703      5.2636042    
-180.00000-140.00000-150.00000  2.4124897      5.1478252    
-180.00000-140.00000-140.00000  2.2972989      5.0243473    
-180.00000-140.00000-130.00000  2.1966555      4.9107375    
-180.00000-140.00000-120.00000  2.1181896      4.8144383    
-180.00000-140.00000-110.00000  2.0614398      4.7358851    
-180.00000-140.00000-100.00000  2.0222461      4.6754518    
-180.00000-140.00000 -90.00000  1.9967883      4.6442175    
-180.00000-140.00000 -80.00000  1.9843255      4.6849518    
-180.00000-140.00000 -70.00000  1.9886433      4.9242659    
-180.00000-140.00000 -60.00000  2.0179789      5.7234392    
-180.00000-140.00000 -50.00000  2.0828135      8.1694832    
-180.00000-140.00000 -40.00000  2.1908412      15.617118    
-180.00000-140.00000 -30.00000  2.3392220      35.647251    
-180.00000-140.00000 -20.00000  2.5043504      67.684380    
-180.00000-140.00000 -10.00000  2.6376991      79.839569    
-180.00000-140.00000   0.00000  2.6869979      64.781380    
-180.00000-140.00000  10.00000  2.6293128      47.036991    
-180.00000-140.00000  20.00000  2.4861357      31.687883    
-180.00000-140.00000  30.00000  2.3089280      19.520903    
-180.00000-140.00000  40.00000  2.1471162      11.697393    
-180.00000-140.00000  50.00000  2.0283413      7.5098972    
-180.00000-140.00000  60.00000  1.9582940      5.5506501    
-180.00000-140.00000  70.00000  1.9295619      4.7413020    
-180.00000-140.00000  80.00000  1.9306177      4.4685669    
-180.00000-140.00000  90.00000  1.9515924      4.4289517    
-180.00000-140.00000 100.00000  1.9869258      4.4848475    
-180.00000-140.00000 110.00000  2.0358047      4.5792899    
-180.00000-140.00000 120.00000  2.1010590      4.6925111    
-180.00000-140.00000 130.00000  2.1864645      4.8200631    
-180.00000-140.00000 140.00000  2.2925386      4.9602432    
-180.00000-140.00000 150.00000  2.4116602      5.1055861    
-180.00000-140.00000 160.00000  2.5255678      5.2388020    
-180.00000-140.00000 170.00000  2.6088774      5.3355618    
-180.00000-130.00000-180.00000  2.6035976      5.3397751    
-180.00000-130.00000-170.00000  2.5714548      5.3127651    
-180.00000-130.00000-160.00000  2.4871027      5.2291870    
-180.00000-130.00000-150.00000  2.3737576      5.1123486    
-180.00000-130.00000-140.00000  2.2569094      4.9876122    
-180.00000-130.00000-130.00000  2.1549473      4.8730202    
-180.00000-130.00000-120.00000  2.0758398      4.7763643    
-180.00000-130.00000-110.00000  2.0192864      4.6982188    
-180.00000-130.00000-100.00000  1.9810739      4.6388535    
-180.00000-130.00000 -90.00000  1.9571863      4.6091838    
-180.00000-130.00000 -80.00000  1.9466106      4.6521826    
-180.00000-130.00000 -70.00000  1.9528332      4.8966994    
-180.00000-130.00000 -60.00000  1.9837954      5.7099633    
-180.00000-130.00000 -50.00000  2.0497608      8.1421394    
-180.00000-130.00000 -40.00000  2.1583180      14.912925    
-180.00000-130.00000 -30.00000  2.3062036      29.943844    
-180.00000-130.00000 -20.00000  2.4693048      48.990974    
-180.00000-130.00000 -10.00000  2.6000524      57.312458    
-180.00000-130.00000   0.00000  2.6459887      54.102501    
-180.00000-130.00000  10.00000  2.5825818      44.741611    
-180.00000-130.00000  20.00000  2.4323204      32.008854    
-180.00000-130.00000  30.00000  2.2484341      20.409018    
-180.00000-130.00000  40.00000  2.0814135      12.509401    
-180.00000-130.00000  50.00000  1.9595227      8.0356503    
-180.00000-130.00000  60.00000  1.8887683      5.8009238    
-180.00000-130.00000  70.00000  1.8616744      4.8086219    
-180.00000-130.00000  80.00000  1.8662741      4.4376297    
-180.00000-130.00000  90.00000  1.8920783      4.3548656    
-180.00000-130.00000 100.00000  1.9328429      4.3993707    
-180.00000-130.00000 110.00000  1.9871426      4.4987040    
-180.00000-130.00000 120.00000  2.0572801      4.6230488    
-180.00000-130.00000 130.00000  2.1466293      4.7621760    
-180.00000-130.00000 140.00000  2.2554121      4.9116869    
-180.00000-130.00000 150.00000  2.3759787      5.0634990    
-180.00000-130.00000 160.00000  2.4903862      5.2007241    
-180.00000-130.00000 170.00000  2.5736969      5.2998300    
-180.00000-120.00000-180.00000  2.5632930      5.3009672    
-180.00000-120.00000-170.00000  2.5299048      5.2735381    
-180.00000-120.00000-160.00000  2.4437571      5.1886468    
-180.00000-120.00000-150.00000  2.3282275      5.0699625    
-180.00000-120.00000-140.00000  2.2091630      4.9432316    
-180.00000-120.00000-130.00000  2.1054037      4.8270082    
-180.00000-120.00000-120.00000  2.0253363      4.7295094    
-180.00000-120.00000-110.00000  1.9689003      4.6515431    
-180.00000-120.00000-100.00000  1.9318877      4.5933652    
-180.00000-120.00000 -90.00000  1.9100453      4.5656395    
-180.00000-120.00000 -80.00000  1.9019823      4.6111350    
-180.00000-120.00000 -70.00000  1.9107589      4.8577414    
-180.00000-120.00000 -60.00000  1.9439232      5.6590333    
-180.00000-120.00000 -50.00000  2.0114677      7.9359851    
-180.00000-120.00000 -40.00000  2.1207526      13.636605    
-180.00000-120.00000 -30.00000  2.2680235      24.635670    
-180.00000-120.00000 -20.00000  2.4285951      38.187378    
-180.00000-120.00000 -10.00000  2.5548360      47.989967    
-180.00000-120.00000   0.00000  2.5941069      50.728119    
-180.00000-120.00000  10.00000  2.5224557      45.060867    
-180.00000-120.00000  20.00000  2.3637173      33.988102    
-180.00000-120.00000  30.00000  2.1720934      22.997589    
-180.00000-120.00000  40.00000  1.9987388      14.866838    
-180.00000-120.00000  50.00000  1.8727663      9.7070055    
-180.00000-120.00000  60.00000  1.8009663      6.8007393    
-180.00000-120.00000  70.00000  1.7761003      5.3292828    
-180.00000-120.00000  80.00000  1.7857536      4.6482167    
-180.00000-120.00000  90.00000  1.8184918      4.3844728    
-180.00000-120.00000 100.00000  1.8670036      4.3451910    
-180.00000-120.00000 110.00000  1.9288893      4.4205966    
-180.00000-120.00000 120.00000  2.0057127      4.5482368    
-180.00000-120.00000 130.00000  2.1003568      4.6984210    
-180.00000-120.00000 140.00000  2.2128162      4.8583307    
-180.00000-120.00000 150.00000  2.3354867      5.0174451    
-180.00000-120.00000 160.00000  2.4507549      5.1590300    
-180.00000-120.00000 170.00000  2.5340486      5.2603507    
-180.00000-110.00000-180.00000  2.5232031      5.2630796    
-180.00000-110.00000-170.00000  2.4888964      5.2352858    
-180.00000-110.00000-160.00000  2.4012585      5.1491971    
-180.00000-110.00000-150.00000  2.2835858      5.0285115    
-180.00000-110.00000-140.00000  2.1618943      4.8992329    
-180.00000-110.00000-130.00000  2.0555074      4.7804203    
-180.00000-110.00000-120.00000  1.9734997      4.6809864    
-180.00000-110.00000-110.00000  1.9163597      4.6022930    
-180.00000-110.00000-100.00000  1.8800927      4.5447912    
-180.00000-110.00000 -90.00000  1.8602365      4.5189390    
-180.00000-110.00000 -80.00000  1.8549100      4.5666518    
-180.00000-110.00000 -70.00000  1.8665431      4.8118830    
-180.00000-110.00000 -60.00000  1.9021053      5.5828347    
-180.00000-110.00000 -50.00000  1.9711274      7.6589732    
-180.00000-110.00000 -40.00000  2.0805702      12.476871    
-180.00000-110.00000 -30.00000  2.2261467      21.355120    
-180.00000-110.00000 -20.00000  2.3827109      33.382240    
-180.00000-110.00000 -10.00000  2.5026968      44.896980    
-180.00000-110.00000   0.00000  2.5342548      50.762337    
-180.00000-110.00000  10.00000  2.4546480      48.023491    
-180.00000-110.00000  20.00000  2.2883012      39.706055    
-180.00000-110.00000  30.00000  2.0889354      30.374475    
-180.00000-110.00000  40.00000  1.9076418      21.905174    
-180.00000-110.00000  50.00000  1.7750783      15.216697    
-180.00000-110.00000  60.00000  1.7002097      10.746941    
-180.00000-110.00000  70.00000  1.6769347      7.8628440    
-180.00000-110.00000  80.00000  1.6925064      5.9525580    
-180.00000-110.00000  90.00000  1.7341678      4.8685861    
-180.00000-110.00000 100.00000  1.7929051      4.4372964    
-180.00000-110.00000 110.00000  1.8647995      4.3791919    
-180.00000-110.00000 120.00000  1.9503232      4.4803805    
-180.00000-110.00000 130.00000  2.0517550      4.6358213    
-180.00000-110.00000 140.00000  2.1688926      4.8056970    
-180.00000-110.00000 150.00000  2.2943251      4.9723859    
-180.00000-110.00000 160.00000  2.4108355      5.1183939    
-180.00000-110.00000 170.00000  2.4943635      5.2218099    
-180.00000-100.00000-180.00000  2.4983084      5.2412953    
-180.00000-100.00000-170.00000  2.4659889      5.2157507    
-180.00000-100.00000-160.00000  2.3796923      5.1310711    
-180.00000-100.00000-150.00000  2.2617872      5.0101213    
-180.00000-100.00000-140.00000  2.1377916      4.8784943    
-180.00000-100.00000-130.00000  2.0274472      4.7556720    
-180.00000-100.00000-120.00000  1.9409485      4.6516657    
-180.00000-100.00000-110.00000  1.8800668      4.5691566    
-180.00000-100.00000-100.00000  1.8417113      4.5094724    
-180.00000-100.00000 -90.00000  1.8216821      4.4832563    
-180.00000-100.00000 -80.00000  1.8176875      4.5313811    
-180.00000-100.00000 -70.00000  1.8312976      4.7725515    
-180.00000-100.00000 -60.00000  1.8685203      5.5100942    
-180.00000-100.00000 -50.00000  1.9381008      7.4260674    
-180.00000-100.00000 -40.00000  2.0464432      11.737076    
-180.00000-100.00000 -30.00000  2.1889570      19.794832    
-180.00000-100.00000 -20.00000  2.3407044      31.714224    
-180.00000-100.00000 -10.00000  2.4552617      44.749283    
-180.00000-100.00000   0.00000  2.4827170      53.809433    
-180.00000-100.00000  10.00000  2.4016650      56.719940    
-180.00000-100.00000  20.00000  2.2350807      56.250080    
-180.00000-100.00000  30.00000  2.0324044      52.847965    
-180.00000-100.00000  40.00000  1.8423065      45.213417    
-180.00000-100.00000  50.00000  1.6985025      37.152824    
-180.00000-100.00000  60.00000  1.6147069      30.046289    
-180.00000-100.00000  70.00000  1.5873934      21.012188    
-180.00000-100.00000  80.00000  1.6048613      12.212284    
-180.00000-100.00000  90.00000  1.6538703      6.9992218    
-180.00000-100.00000 100.00000  1.7232305      4.9603515    
-180.00000-100.00000 110.00000  1.8064574      4.4393411    
-180.00000-100.00000 120.00000  1.9021617      4.4415336    
-180.00000-100.00000 130.00000  2.0116251      4.5886464    
-180.00000-100.00000 140.00000  2.1344128      4.7662883    
-180.00000-100.00000 150.00000  2.2634349      4.9402256    
-180.00000-100.00000 160.00000  2.3822227      5.0909524    
-180.00000-100.00000 170.00000  2.4675581      5.1975002    
-180.00000 -90.00000-180.00000  2.5260320      5.2733288    
-180.00000 -90.00000-170.00000  2.5060515      5.2600255    
-180.00000 -90.00000-160.00000  2.4320190      5.1874413    
-180.00000 -90.00000-150.00000  2.3229074      5.0751076    
-180.00000 -90.00000-140.00000  2.2014091      4.9458041    
-180.00000 -90.00000-130.00000  2.0862029      4.8179498    
-180.00000 -90.00000-120.00000  1.9885885      4.7026906    
-180.00000 -90.00000-110.00000  1.9133481      4.6056714    
-180.00000 -90.00000-100.00000  1.8611777      4.5320010    
-180.00000 -90.00000 -90.00000  1.8308021      4.4951386    
-180.00000 -90.00000 -80.00000  1.8207734      4.5360970    
-180.00000 -90.00000 -70.00000  1.8316057      4.7687540    
-180.00000 -90.00000 -60.00000  1.8674256      5.4786730    
-180.00000 -90.00000 -50.00000  1.9353510      7.2998338    
-180.00000 -90.00000 -40.00000  2.0410020      11.394386    
-180.00000 -90.00000 -30.00000  2.1801541      19.275673    
-180.00000 -90.00000 -20.00000  2.3297663      31.706850    
-180.00000 -90.00000 -10.00000  2.4470947      47.086105    
-180.00000 -90.00000   0.00000  2.4869490      62.968102    
-180.00000 -90.00000  10.00000  2.4304895      82.178024    
-180.00000 -90.00000  20.00000  2.2949469      108.35806    
-180.00000 -90.00000  30.00000  2.1152916      129.94124    
-180.00000 -90.00000  40.00000  1.9319955      143.81876    
-180.00000 -90.00000  50.00000  1.7818202      168.31468    
-180.00000 -90.00000  60.00000  1.6748023      163.81923    
-180.00000 -90.00000  70.00000  1.6086456      100.06874    
-180.00000 -90.00000  80.00000  1.5920449      40.275089    
-180.00000 -90.00000  90.00000  1.6250800      14.059585    
-180.00000 -90.00000 100.00000  1.6933864      6.3986006    
-180.00000 -90.00000 110.00000  1.7830638      4.6788688    
-180.00000 -90.00000 120.00000  1.8874288      4.4640365    
-180.00000 -90.00000 130.00000  2.0049219      4.5843940    
-180.00000 -90.00000 140.00000  2.1341393      4.7664833    
-180.00000 -90.00000 150.00000  2.2684269      4.9475555    
-180.00000 -90.00000 160.00000  2.3926525      5.1050444    
-180.00000 -90.00000 170.00000  2.4852266      5.2193656    
-180.00000 -80.00000-180.00000  2.6982644      5.4513483    
-180.00000 -80.00000-170.00000  2.7258518      5.4851317    
-180.00000 -80.00000-160.00000  2.7050951      5.4654098    
-180.00000 -80.00000-150.00000  2.6444998      5.4012623    
-180.00000 -80.00000-140.00000  2.5534258      5.3020864    
-180.00000 -80.00000-130.00000  2.4385877      5.1743522    
-180.00000 -80.00000-120.00000  2.3076439      5.0255232    
-180.00000 -80.00000-110.00000  2.1751747      4.8710155    
-180.00000 -80.00000-100.00000  2.0607069      4.7347212    
-180.00000 -80.00000 -90.00000  1.9791665      4.6461687    
-180.00000 -80.00000 -80.00000  1.9351889      4.6518579    
-180.00000 -80.00000 -70.00000  1.9266664      4.8607249    
-180.00000 -80.00000 -60.00000  1.9519728      5.5453539    
-180.00000 -80.00000 -50.00000  2.0135796      7.3234715    
-180.00000 -80.00000 -40.00000  2.1154392      11.382049    
-180.00000 -80.00000 -30.00000  2.2552829      19.475281    
-180.00000 -80.00000 -20.00000  2.4163105      33.269817    
-180.00000 -80.00000 -10.00000  2.5669677      54.221767    
-180.00000 -80.00000   0.00000  2.6775544      89.723183    
-180.00000 -80.00000  10.00000  2.7418115      163.96806    
-180.00000 -80.00000  20.00000  2.7686677      293.86172    
-180.00000 -80.00000  30.00000  2.7683837      464.76028    
-180.00000 -80.00000  40.00000  2.7861440      861.81152    
-180.00000 -80.00000  50.00000  2.7931294      1590.7158    
-180.00000 -80.00000  60.00000  2.5779936      1480.8849    
-180.00000 -80.00000  70.00000  2.1814706      605.78619    
-180.00000 -80.00000  80.00000  1.8896933      147.00604    
-180.00000 -80.00000  90.00000  1.7811031      31.189766    
-180.00000 -80.00000 100.00000  1.7904104      8.9872084    
-180.00000 -80.00000 110.00000  1.8606486      5.1195707    
-180.00000 -80.00000 120.00000  1.9629911      4.5943403    
-180.00000 -80.00000 130.00000  2.0850928      4.6764407    
-180.00000 -80.00000 140.00000  2.2213843      4.8607807    
-180.00000 -80.00000 150.00000  2.3653140      5.0512810    
-180.00000 -80.00000 160.00000  2.5045240      5.2235894    
-180.00000 -80.00000 170.00000  2.6212749      5.3616953    
-180.00000 -70.00000-180.00000  3.2575881      6.0182362    
-180.00000 -70.00000-170.00000  3.4648640      6.2308464    
-180.00000 -70.00000-160.00000  3.6688173      6.4351707    
-180.00000 -70.00000-150.00000  3.8406537      6.6029315    
-180.00000 -70.00000-140.00000  3.9175375      6.6713018    
-180.00000 -70.00000-130.00000  3.8252425      6.5657682    
-180.00000 -70.00000-120.00000  3.5445180      6.2668195    
-180.00000 -70.00000-110.00000  3.1518519      5.8516974    
-180.00000 -70.00000-100.00000  2.7703919      5.4478550    
-180.00000 -70.00000 -90.00000  2.4857283      5.1552644    
-180.00000 -70.00000 -80.00000  2.3162425      5.0338416    
-180.00000 -70.00000 -70.00000  2.2404487      5.1724072    
-180.00000 -70.00000 -60.00000  2.2325339      5.8196673    
-180.00000 -70.00000 -50.00000  2.2792678      7.5919704    
-180.00000 -70.00000 -40.00000  2.3800101      11.770796    
-180.00000 -70.00000 -30.00000  2.5392151      20.603907    
-180.00000 -70.00000 -20.00000  2.7600973      37.945766    
-180.00000 -70.00000 -10.00000  3.0496502      74.782036    
-180.00000 -70.00000   0.00000  3.4421413      175.35629    
-180.00000 -70.00000  10.00000  4.0140262      461.97348    
-180.00000 -70.00000  20.00000  4.8617196      1098.0571    
-180.00000 -70.00000  30.00000  6.3002601      3052.7197    
-180.00000 -70.00000  40.00000  8.9668016      13456.845    
-180.00000 -70.00000  50.00000  10.989052      30736.865    
-180.00000 -70.00000  60.00000  8.7321091      17167.611    
-180.00000 -70.00000  70.00000  5.1195469      3217.0989    
-180.00000 -70.00000  80.00000  3.1817992      407.60641    
-180.00000 -70.00000  90.00000  2.4432940      55.368248    
-180.00000 -70.00000 100.00000  2.2031782      11.706017    
-180.00000 -70.00000 110.00000  2.1753592      5.6976681    
-180.00000 -70.00000 120.00000  2.2449100      4.9213262    
-180.00000 -70.00000 130.00000  2.3621516      4.9722929    
-180.00000 -70.00000 140.00000  2.5078378      5.1613011    
-180.00000 -70.00000 150.00000  2.6750371      5.3728414    
-180.00000 -70.00000 160.00000  2.8591063      5.5882592    
-180.00000 -70.00000 170.00000  3.0547473      5.8038406    
-180.00000 -60.00000-180.00000  4.9551702      7.7252913    
-180.00000 -60.00000-170.00000  5.9248557      8.6990948    
-180.00000 -60.00000-160.00000  7.1741304      9.9478741    
-180.00000 -60.00000-150.00000  8.4754314      11.244446    
-180.00000 -60.00000-140.00000  9.3036509      12.063659    
-180.00000 -60.00000-130.00000  9.1231394      11.869460    
-180.00000 -60.00000-120.00000  7.9158258      10.643451    
-180.00000 -60.00000-110.00000  6.2582450      8.9628115    
-180.00000 -60.00000-100.00000  4.7948775      7.4761457    
-180.00000 -60.00000 -90.00000  3.8109179      6.4828677    
-180.00000 -60.00000 -80.00000  3.2662613      5.9843402    
-180.00000 -60.00000 -70.00000  3.0120115      5.9432712    
-180.00000 -60.00000 -60.00000  2.9265320      6.5216899    
-180.00000 -60.00000 -50.00000  2.9487963      8.3377056    
-180.00000 -60.00000 -40.00000  3.0692015      12.911904    
-180.00000 -60.00000 -30.00000  3.3182306      23.749868    
-180.00000 -60.00000 -20.00000  3.7722397      51.111671    
-180.00000 -60.00000 -10.00000  4.5961556      139.08124    
-180.00000 -60.00000   0.00000  6.1455460      486.18384    
-180.00000 -60.00000  10.00000  9.1341505      1749.8705    
-180.00000 -60.00000  20.00000  15.678684      6683.7734    
-180.00000 -60.00000  30.00000  35.993881      64874.934    
-180.00000 -60.00000  40.00000  84.713531      673132.75    
-180.00000 -60.00000  50.00000  97.800690      1031791.3    
-180.00000 -60.00000  60.00000  46.197895      150952.55    
-180.00000 -60.00000  70.00000  15.634094      9191.3867    
-180.00000 -60.00000  80.00000  6.8808455      630.15192    
-180.00000 -60.00000  90.00000  4.2197928      64.755310    
-180.00000 -60.00000 100.00000  3.2736595      12.827686    
-180.00000 -60.00000 110.00000  2.9781468      6.4670582    
-180.00000 -60.00000 120.00000  2.9562607      5.6475077    
-180.00000 -60.00000 130.00000  3.0555947      5.6888533    
-180.00000 -60.00000 140.00000  3.2252548      5.8992686    
-180.00000 -60.00000 150.00000  3.4632213      6.1777301    
-180.00000 -60.00000 160.00000  3.7950344      6.5377202    
-180.00000 -60.00000 170.00000  4.2690420      7.0293202    
-180.00000 -50.00000-180.00000  10.746049      13.527470    
-180.00000 -50.00000-170.00000  15.508972      18.293077    
-180.00000 -50.00000-160.00000  22.143837      24.926432    
-180.00000 -50.00000-150.00000  28.830730      31.607883    
-180.00000 -50.00000-140.00000  31.934309      34.701889    
-180.00000 -50.00000-130.00000  29.086510      31.839890    
-180.00000 -50.00000-120.00000  22.057293      24.791388    
-180.00000 -50.00000-110.00000  14.764696      17.474886    
-180.00000 -50.00000-100.00000  9.5840845      12.269639    
-180.00000 -50.00000 -90.00000  6.6686316      9.3429127    
-180.00000 -50.00000 -80.00000  5.2576141      7.9760695    
-180.00000 -50.00000 -70.00000  4.6472378      7.5818963    
-180.00000 -50.00000 -60.00000  4.4316673      8.0640564    
-180.00000 -50.00000 -50.00000  4.4449859      10.062907    
-180.00000 -50.00000 -40.00000  4.6843276      15.749069    
-180.00000 -50.00000 -30.00000  5.2990365      32.249092    
-180.00000 -50.00000 -20.00000  6.6875539      90.927437    
-180.00000 -50.00000 -10.00000  9.8125219      365.96204    
-180.00000 -50.00000   0.00000  17.054064      1811.5386    
-180.00000 -50.00000  10.00000  36.099743      9552.0605    
-180.00000 -50.00000  20.00000  122.35592      132086.56    
-180.00000 -50.00000  30.00000  677.61786      7562820.5    
-180.00000 -50.00000  40.00000  1853.2356     1.45318880E+08
-180.00000 -50.00000  50.00000  1004.6787      22274998.    
-180.00000 -50.00000  60.00000  181.99419      353501.94    
-180.00000 -50.00000  70.00000  38.199753      8869.3379    
-180.00000 -50.00000  80.00000  14.575119      471.06210    
-180.00000 -50.00000  90.00000  7.8447042      50.100925    
-180.00000 -50.00000 100.00000  5.4607267      12.786951    
-180.00000 -50.00000 110.00000  4.6691556      7.8799610    
-180.00000 -50.00000 120.00000  4.4955916      7.1786408    
-180.00000 -50.00000 130.00000  4.5865679      7.2461433    
-180.00000 -50.00000 140.00000  4.8532863      7.5527673    
-180.00000 -50.00000 150.00000  5.3460960      8.0811176    
-180.00000 -50.00000 160.00000  6.2365112      8.9955416    
-180.00000 -50.00000 170.00000  7.8575482      10.631180    
-180.00000 -40.00000-180.00000  35.472065      38.265987    
-180.00000 -40.00000-170.00000  61.444469      64.239632    
-180.00000 -40.00000-160.00000  96.107933      98.900620    
-180.00000 -40.00000-150.00000  123.26103      126.04758    
-180.00000 -40.00000-140.00000  122.37587      125.15231    
-180.00000 -40.00000-130.00000  93.697075      96.458755    
-180.00000 -40.00000-120.00000  58.209225      60.950882    
-180.00000 -40.00000-110.00000  32.269951      34.986542    
-180.00000 -40.00000-100.00000  18.083841      20.773920    
-180.00000 -40.00000 -90.00000  11.535584      14.211908    
-180.00000 -40.00000 -80.00000  8.7892189      11.508908    
-180.00000 -40.00000 -70.00000  7.7174850      10.667590    
-180.00000 -40.00000 -60.00000  7.3961945      11.139277    
-180.00000 -40.00000 -50.00000  7.5539145      13.789841    
-180.00000 -40.00000 -40.00000  8.3573742      22.760546    
-180.00000 -40.00000 -30.00000  10.568996      56.837257    
-180.00000 -40.00000 -20.00000  16.340839      226.32791    
-180.00000 -40.00000 -10.00000  31.723843      1304.8593    
-180.00000 -40.00000   0.00000  77.036919      9250.3154    
-180.00000 -40.00000  10.00000  315.32193      134365.13    
-180.00000 -40.00000  20.00000  3915.1233      19127134.    
-180.00000 -40.00000  30.00000  41969.043     2.00000000E+09
-180.00000 -40.00000  40.00000  42740.844     2.00000000E+09
-180.00000 -40.00000  50.00000  4034.7644      20619950.    
-180.00000 -40.00000  60.00000  304.00348      116667.50    
-180.00000 -40.00000  70.00000  66.350021      2983.3684    
-180.00000 -40.00000  80.00000  25.947371      203.34120    
-180.00000 -40.00000  90.00000  13.362451      33.486286    
-180.00000 -40.00000 100.00000  9.1266966      13.993922    
-180.00000 -40.00000 110.00000  7.7872806      10.699084    
-180.00000 -40.00000 120.00000  7.5039854      10.178808    
-180.00000 -40.00000 130.00000  7.7177863      10.406003    
-180.00000 -40.00000 140.00000  8.4112597      11.138311    
-180.00000 -40.00000 150.00000  9.9675322      12.724769    
-180.00000 -40.00000 160.00000  13.368008      16.144796    
-180.00000 -40.00000 170.00000  20.678110      23.466362    
-180.00000 -30.00000-180.00000  163.84657      166.65297    
-180.00000 -30.00000-170.00000  304.85007      307.65656    
-180.00000 -30.00000-160.00000  452.58405      455.38724    
-180.00000 -30.00000-150.00000  493.38928      496.18579    
-180.00000 -30.00000-140.00000  386.81052      389.59644    
-180.00000 -30.00000-130.00000  228.90155      231.67210    
-180.00000 -30.00000-120.00000  113.08551      115.83505    
-180.00000 -30.00000-110.00000  53.260540      55.983265    
-180.00000 -30.00000-100.00000  27.719908      30.413372    
-180.00000 -30.00000 -90.00000  17.785166      20.461842    
-180.00000 -30.00000 -80.00000  14.079958      16.803305    
-180.00000 -30.00000 -70.00000  12.810992      15.809082    
-180.00000 -30.00000 -60.00000  12.707042      16.757521    
-180.00000 -30.00000 -50.00000  13.754377      21.699699    
-180.00000 -30.00000 -40.00000  17.246004      41.491535    
-180.00000 -30.00000 -30.00000  27.545164      138.24033    
-180.00000 -30.00000 -20.00000  58.485760      775.19415    
-180.00000 -30.00000 -10.00000  158.22363      6438.3921    
-180.00000 -30.00000   0.00000  666.42755      100186.04    
-180.00000 -30.00000  10.00000  13454.501      13431310.    
-180.00000 -30.00000  20.00000  750892.38     2.00000000E+09
-180.00000 -30.00000  30.00000  3044109.3     2.00000000E+09
-180.00000 -30.00000  40.00000  121704.39     8.60856384E+08
-180.00000 -30.00000  50.00000  2584.9910      900481.63    
-180.00000 -30.00000  60.00000  289.52988      12299.351    
-180.00000 -30.00000  70.00000  88.148285      622.59033    
-180.00000 -30.00000  80.00000  35.666611      84.182892    
-180.00000 -30.00000  90.00000  19.424879      27.708399    
-180.00000 -30.00000 100.00000  14.350115      17.751007    
-180.00000 -30.00000 110.00000  12.901430      15.632169    
-180.00000 -30.00000 120.00000  12.844443      15.525055    
-180.00000 -30.00000 130.00000  13.787573      16.504608    
-180.00000 -30.00000 140.00000  16.422256      19.175545    
-180.00000 -30.00000 150.00000  23.064613      25.842962    
-180.00000 -30.00000 160.00000  39.631481      42.425346    
-180.00000 -30.00000 170.00000  79.310707      82.113274    
-180.00000 -20.00000-180.00000  819.77814      822.59534    
-180.00000 -20.00000-170.00000  1379.3000      1382.1166    
-180.00000 -20.00000-160.00000  1628.2954      1631.1082    
-180.00000 -20.00000-150.00000  1297.7570      1300.5625    
-180.00000 -20.00000-140.00000  733.85321      736.64771    
-180.00000 -20.00000-130.00000  330.06958      332.84781    
-180.00000 -20.00000-120.00000  136.32722      139.08272    
-180.00000 -20.00000-110.00000  60.585224      63.310829    
-180.00000 -20.00000-100.00000  33.465385      36.157135    
-180.00000 -20.00000 -90.00000  23.986168      26.657745    
-180.00000 -20.00000 -80.00000  20.774532      23.508904    
-180.00000 -20.00000 -70.00000  20.127470      23.268139    
-180.00000 -20.00000 -60.00000  21.478390      26.425030    
-180.00000 -20.00000 -50.00000  26.823320      40.004120    
-180.00000 -20.00000 -40.00000  44.093872      102.05749    
-180.00000 -20.00000 -30.00000  101.30685      478.64102    
-180.00000 -20.00000 -20.00000  302.81207      3923.7356    
-180.00000 -20.00000 -10.00000  1269.2872      67082.063    
-180.00000 -20.00000   0.00000  28751.855      6643518.0    
-180.00000 -20.00000  10.00000  6725613.0     2.00000000E+09
-180.00000 -20.00000  20.00000 2.59217344E+08 2.00000000E+09
-180.00000 -20.00000  30.00000  2729198.8     2.00000000E+09
-180.00000 -20.00000  40.00000  14868.657      2691999.3    
-180.00000 -20.00000  50.00000  948.91449      27864.176    
-180.00000 -20.00000  60.00000  243.47260      1286.5739    
-180.00000 -20.00000  70.00000  83.204567      170.07191    
-180.00000 -20.00000  80.00000  38.029499      50.877998    
-180.00000 -20.00000  90.00000  24.751926      28.812801    
-180.00000 -20.00000 100.00000  20.886978      23.694607    
-180.00000 -20.00000 110.00000  20.227587      22.896372    
-180.00000 -20.00000 120.00000  21.466305      24.166254    
-180.00000 -20.00000 130.00000  25.694368      28.437660    
-180.00000 -20.00000 140.00000  37.506298      40.281475    
-180.00000 -20.00000 150.00000  70.349190      73.144882    
-180.00000 -20.00000 160.00000  159.74759      162.55557    
-180.00000 -20.00000 170.00000  381.16379      383.97842    
-180.00000 -10.00000-180.00000  2988.1050      2990.9294    
-180.00000 -10.00000-170.00000  3703.7239      3706.5471    
-180.00000 -10.00000-160.00000  2956.4043      2959.2236    
-180.00000 -10.00000-150.00000  1603.1633      1605.9751    
-180.00000 -10.00000-140.00000  671.98694      674.78662    
-180.00000 -10.00000-130.00000  254.39780      257.17944    
-180.00000 -10.00000-120.00000  102.46693      105.22242    
-180.00000 -10.00000-110.00000  51.435757      54.155590    
-180.00000 -10.00000-100.00000  34.468895      37.147301    
-180.00000 -10.00000 -90.00000  28.865126      31.523647    
-180.00000 -10.00000 -80.00000  27.562298      30.349110    
-180.00000 -10.00000 -70.00000  29.224272      32.858585    
-180.00000 -10.00000 -60.00000  36.593163      44.649811    
-180.00000 -10.00000 -50.00000  61.799801      95.152153    
-180.00000 -10.00000 -40.00000  150.99849      368.89685    
-180.00000 -10.00000 -30.00000  487.80414      2709.3513    
-180.00000 -10.00000 -20.00000  2079.9690      48101.117    
-180.00000 -10.00000 -10.00000  44829.410      4066899.3    
-180.00000 -10.00000   0.00000  24650902.     2.00000000E+09
-180.00000 -10.00000  10.00000 2.00000000E+09 2.00000000E+09
-180.00000 -10.00000  20.00000  20692206.     2.00000000E+09
-180.00000 -10.00000  30.00000  40198.449      3526324.8    
-180.00000 -10.00000  40.00000  1982.4827      38043.527    
-180.00000 -10.00000  50.00000  467.75186      1887.0023    
-180.00000 -10.00000  60.00000  144.65308      264.63800    
-180.00000 -10.00000  70.00000  59.579372      76.871490    
-180.00000 -10.00000  80.00000  35.810318      40.577950    
-180.00000 -10.00000  90.00000  29.004555      31.902163    
-180.00000 -10.00000 100.00000  27.616390      30.269947    
-180.00000 -10.00000 110.00000  29.153513      31.828316    
-180.00000 -10.00000 120.00000  35.143959      37.868767    
-180.00000 -10.00000 130.00000  52.953869      55.718174    
-180.00000 -10.00000 140.00000  105.96866      108.75941    
-180.00000 -10.00000 150.00000  262.59216      265.39960    
-180.00000 -10.00000 160.00000  690.08978      692.90717    
-180.00000 -10.00000 170.00000  1634.9858      1637.8085    
-180.00000   0.00000-180.00000  4976.9697      4979.7969    
-180.00000   0.00000-170.00000  3958.2756      3961.1013    
-180.00000   0.00000-160.00000  2106.2002      2109.0212    
-180.00000   0.00000-150.00000  859.09357      861.90631    
-180.00000   0.00000-140.00000  315.53506      318.33401    
-180.00000   0.00000-130.00000  123.13100      125.90849    
-180.00000   0.00000-120.00000  59.938778      62.684158    
-180.00000   0.00000-110.00000  39.258633      41.959511    
-180.00000   0.00000-100.00000  32.473709      35.127094    
-180.00000   0.00000 -90.00000  30.830034      33.499386    
-180.00000   0.00000 -80.00000  32.596962      35.693226    
-180.00000   0.00000 -70.00000  40.852993      46.656448    
-180.00000   0.00000 -60.00000  69.788841      92.395699    
-180.00000   0.00000 -50.00000  174.97006      327.25311    
-180.00000   0.00000 -40.00000  583.63013      2261.9695    
-180.00000   0.00000 -30.00000  2525.3516      41534.391    
-180.00000   0.00000 -20.00000  53092.789      3482180.0    
-180.00000   0.00000 -10.00000  38452104.     2.00000000E+09
-180.00000   0.00000   0.00000 2.00000000E+09 2.00000000E+09
-180.00000   0.00000  10.00000  38454228.     2.00000000E+09
-180.00000   0.00000  20.00000  53094.555      3482312.3    
-180.00000   0.00000  30.00000  2525.3838      41535.461    
-180.00000   0.00000  40.00000  583.63495      2262.0066    
-180.00000   0.00000  50.00000  174.97113      327.25620    
-180.00000   0.00000  60.00000  69.789185      92.396286    
-180.00000   0.00000  70.00000  40.853058      46.656540    
-180.00000   0.00000  80.00000  32.596985      35.693260    
-180.00000   0.00000  90.00000  30.830036      33.499393    
-180.00000   0.00000 100.00000  32.473690      35.127090    
-180.00000   0.00000 110.00000  39.258556      41.959442    
-180.00000   0.00000 120.00000  59.938610      62.683994    
-180.00000   0.00000 130.00000  123.13053      125.90804    
-180.00000   0.00000 140.00000  315.53339      318.33234    
-180.00000   0.00000 150.00000  859.08997      861.90271    
-180.00000   0.00000 160.00000  2106.1946      2109.0156    
-180.00000   0.00000 170.00000  3958.2654      3961.0911    
-180.00000  10.00000-180.00000  2988.1240      2990.9485    
-180.00000  10.00000-170.00000  1634.9952      1637.8179    
-180.00000  10.00000-160.00000  690.09448      692.91187    
-180.00000  10.00000-150.00000  262.59454      265.40198    
-180.00000  10.00000-140.00000  105.96938      108.76015    
-180.00000  10.00000-130.00000  52.954128      55.718437    
-180.00000  10.00000-120.00000  35.144066      37.868877    
-180.00000  10.00000-110.00000  29.153582      31.828381    
-180.00000  10.00000-100.00000  27.616440      30.269997    
-180.00000  10.00000 -90.00000  29.004595      31.902201    
-180.00000  10.00000 -80.00000  35.810337      40.577957    
-180.00000  10.00000 -70.00000  59.579227      76.871147    
-180.00000  10.00000 -60.00000  144.65257      264.63602    
-180.00000  10.00000 -50.00000  467.74915      1886.9718    
-180.00000  10.00000 -40.00000  1982.4686      38042.621    
-180.00000  10.00000 -30.00000  40197.434      3526193.8    
-180.00000  10.00000 -20.00000  20691308.     2.00000000E+09
-180.00000  10.00000 -10.00000 2.00000000E+09 2.00000000E+09
-180.00000  10.00000   0.00000  24652242.     2.00000000E+09
-180.00000  10.00000  10.00000  44830.949      4067048.8    
-180.00000  10.00000  20.00000  2079.9995      48102.227    
-180.00000  10.00000  30.00000  487.80936      2709.3938    
-180.00000  10.00000  40.00000  150.99965      368.90039    
-180.00000  10.00000  50.00000  61.800175      95.152779    
-180.00000  10.00000  60.00000  36.593304      44.649998    
-180.00000  10.00000  70.00000  29.224344      32.858665    
-180.00000  10.00000  80.00000  27.562353      30.349159    
-180.00000  10.00000  90.00000  28.865160      31.523695    
-180.00000  10.00000 100.00000  34.468899      37.147308    
-180.00000  10.00000 110.00000  51.435734      54.155571    
-180.00000  10.00000 120.00000  102.46687      105.22237    
-180.00000  10.00000 130.00000  254.39700      257.17865    
-180.00000  10.00000 140.00000  671.98499      674.78467    
-180.00000  10.00000 150.00000  1603.1643      1605.9760    
-180.00000  10.00000 160.00000  2956.4124      2959.2317    
-180.00000  10.00000 170.00000  3703.7395      3706.5630    
-180.00000  20.00000-180.00000  819.78674      822.60388    
-180.00000  20.00000-170.00000  381.16714      383.98175    
-180.00000  20.00000-160.00000  159.74904      162.55702    
-180.00000  20.00000-150.00000  70.349670      73.145348    
-180.00000  20.00000-140.00000  37.506500      40.281670    
-180.00000  20.00000-130.00000  25.694479      28.437777    
-180.00000  20.00000-120.00000  21.466373      24.166325    
-180.00000  20.00000-110.00000  20.227640      22.896427    
-180.00000  20.00000-100.00000  20.887030      23.694658    
-180.00000  20.00000 -90.00000  24.751953      28.812822    
-180.00000  20.00000 -80.00000  38.029556      50.877975    
-180.00000  20.00000 -70.00000  83.204475      170.07054    
-180.00000  20.00000 -60.00000  243.47198      1286.5544    
-180.00000  20.00000 -50.00000  948.90973      27863.525    
-180.00000  20.00000 -40.00000  14868.339      2691902.3    
-180.00000  20.00000 -30.00000  2729156.5     2.00000000E+09
-180.00000  20.00000 -20.00000 2.59223152E+08 2.00000000E+09
-180.00000  20.00000 -10.00000  6725968.5     2.00000000E+09
-180.00000  20.00000   0.00000  28752.891      6643758.0    
-180.00000  20.00000  10.00000  1269.3083      67083.617    
-180.00000  20.00000  20.00000  302.81555      3923.7908    
-180.00000  20.00000  30.00000  101.30779      478.64685    
-180.00000  20.00000  40.00000  44.094151      102.05812    
-180.00000  20.00000  50.00000  26.823444      40.004314    
-180.00000  20.00000  60.00000  21.478458      26.425123    
-180.00000  20.00000  70.00000  20.127525      23.268208    
-180.00000  20.00000  80.00000  20.774584      23.508955    
-180.00000  20.00000  90.00000  23.986206      26.657784    
-180.00000  20.00000 100.00000  33.465443      36.157185    
-180.00000  20.00000 110.00000  60.585312      63.310928    
-180.00000  20.00000 120.00000  136.32750      139.08301    
-180.00000  20.00000 130.00000  330.07025      332.84851    
-180.00000  20.00000 140.00000  733.85602      736.65051    
-180.00000  20.00000 150.00000  1297.7616      1300.5673    
-180.00000  20.00000 160.00000  1628.3057      1631.1183    
-180.00000  20.00000 170.00000  1379.3109      1382.1273    
-180.00000  30.00000-180.00000  163.84837      166.65477    
-180.00000  30.00000-170.00000  79.311424      82.113991    
-180.00000  30.00000-160.00000  39.631760      42.425629    
-180.00000  30.00000-150.00000  23.064747      25.843103    
-180.00000  30.00000-140.00000  16.422337      19.175619    
-180.00000  30.00000-130.00000  13.787629      16.504671    
-180.00000  30.00000-120.00000  12.844491      15.525112    
-180.00000  30.00000-110.00000  12.901478      15.632227    
-180.00000  30.00000-100.00000  14.350157      17.751038    
-180.00000  30.00000 -90.00000  19.424921      27.708384    
-180.00000  30.00000 -80.00000  35.666653      84.182411    
-180.00000  30.00000 -70.00000  88.148392      622.58209    
-180.00000  30.00000 -60.00000  289.53018      12299.135    
-180.00000  30.00000 -50.00000  2584.9646      900456.19    
-180.00000  30.00000 -40.00000  121704.31     8.60822784E+08
-180.00000  30.00000 -30.00000  3044165.5     2.00000000E+09
-180.00000  30.00000 -20.00000  750926.63     2.00000000E+09
-180.00000  30.00000 -10.00000  13454.962      13431885.    
-180.00000  30.00000   0.00000  666.44025      100188.42    
-180.00000  30.00000  10.00000  158.22566      6438.4932    
-180.00000  30.00000  20.00000  58.486340      775.20331    
-180.00000  30.00000  30.00000  27.545364      138.24152    
-180.00000  30.00000  40.00000  17.246099      41.491776    
-180.00000  30.00000  50.00000  13.754437      21.699795    
-180.00000  30.00000  60.00000  12.707092      16.757582    
-180.00000  30.00000  70.00000  12.811037      15.809134    
-180.00000  30.00000  80.00000  14.080000      16.803360    
-180.00000  30.00000  90.00000  17.785212      20.461901    
-180.00000  30.00000 100.00000  27.720013      30.413477    
-180.00000  30.00000 110.00000  53.260643      55.983376    
-180.00000  30.00000 120.00000  113.08588      115.83543    
-180.00000  30.00000 130.00000  228.90253      231.67310    
-180.00000  30.00000 140.00000  386.81281      389.59875    
-180.00000  30.00000 150.00000  493.39371      496.19022    
-180.00000  30.00000 160.00000  452.58841      455.39163    
-180.00000  30.00000 170.00000  304.85321      307.65970    
-180.00000  40.00000-180.00000  35.472382      38.266304    
-180.00000  40.00000-170.00000  20.678272      23.466528    
-180.00000  40.00000-160.00000  13.368083      16.144878    
-180.00000  40.00000-150.00000  9.9675837      12.724813    
-180.00000  40.00000-140.00000  8.4112997      11.138349    
-180.00000  40.00000-130.00000  7.7178197      10.406041    
-180.00000  40.00000-120.00000  7.5040150      10.178845    
-180.00000  40.00000-110.00000  7.7873092      10.699110    
-180.00000  40.00000-100.00000  9.1267309      13.993940    
-180.00000  40.00000 -90.00000  13.362511      33.486313    
-180.00000  40.00000 -80.00000  25.947458      203.33946    
-180.00000  40.00000 -70.00000  66.350197      2983.3328    
-180.00000  40.00000 -60.00000  304.00314      116665.70    
-180.00000  40.00000 -50.00000  4034.7661      20619598.    
-180.00000  40.00000 -40.00000  42741.656     2.00000000E+09
-180.00000  40.00000 -30.00000  41970.398     2.00000000E+09
-180.00000  40.00000 -20.00000  3915.2463      19128056.    
-180.00000  40.00000 -10.00000  315.32788      134368.55    
-180.00000  40.00000   0.00000  77.037888      9250.4668    
-180.00000  40.00000  10.00000  31.724150      1304.8749    
-180.00000  40.00000  20.00000  16.340969      226.33028    
-180.00000  40.00000  30.00000  10.569060      56.837749    
-180.00000  40.00000  40.00000  8.3574114      22.760645    
-180.00000  40.00000  50.00000  7.5539441      13.789888    
-180.00000  40.00000  60.00000  7.3962240      11.139315    
-180.00000  40.00000  70.00000  7.7175150      10.667635    
-180.00000  40.00000  80.00000  8.7892504      11.508951    
-180.00000  40.00000  90.00000  11.535639      14.211960    
-180.00000  40.00000 100.00000  18.083933      20.774025    
-180.00000  40.00000 110.00000  32.270187      34.986782    
-180.00000  40.00000 120.00000  58.209549      60.951221    
-180.00000  40.00000 130.00000  93.697746      96.459435    
-180.00000  40.00000 140.00000  122.37704      125.15349    
-180.00000  40.00000 150.00000  123.26227      126.04882    
-180.00000  40.00000 160.00000  96.108879      98.901558    
-180.00000  40.00000 170.00000  61.445099      64.240273    
-180.00000  50.00000-180.00000  10.746093      13.527505    
-180.00000  50.00000-170.00000  7.8575726      10.631198    
-180.00000  50.00000-160.00000  6.2365284      8.9955511    
-180.00000  50.00000-150.00000  5.3461046      8.0811253    
-180.00000  50.00000-140.00000  4.8532953      7.5527649    
-180.00000  50.00000-130.00000  4.5865765      7.2461548    
-180.00000  50.00000-120.00000  4.4955997      7.1786580    
-180.00000  50.00000-110.00000  4.6691628      7.8799758    
-180.00000  50.00000-100.00000  5.4607387      12.786937    
-180.00000  50.00000 -90.00000  7.8447227      50.100689    
-180.00000  50.00000 -80.00000  14.575123      471.05658    
-180.00000  50.00000 -70.00000  38.199696      8869.2100    
-180.00000  50.00000 -60.00000  181.99371      353496.53    
-180.00000  50.00000 -50.00000  1004.6818      22274862.    
-180.00000  50.00000 -40.00000  1853.2679     1.45323968E+08
-180.00000  50.00000 -30.00000  677.63123      7563111.0    
-180.00000  50.00000 -20.00000  122.35781      132090.08    
-180.00000  50.00000 -10.00000  36.100067      9552.1826    
-180.00000  50.00000   0.00000  17.054165      1811.5536    
-180.00000  50.00000  10.00000  9.8125648      365.96451    
-180.00000  50.00000  20.00000  6.6875753      90.927979    
-180.00000  50.00000  30.00000  5.2990475      32.249229    
-180.00000  50.00000  40.00000  4.6843400      15.749144    
-180.00000  50.00000  50.00000  4.4449949      10.062943    
-180.00000  50.00000  60.00000  4.4316730      8.0640755    
-180.00000  50.00000  70.00000  4.6472440      7.5819101    
-180.00000  50.00000  80.00000  5.2576241      7.9760923    
-180.00000  50.00000  90.00000  6.6686449      9.3429346    
-180.00000  50.00000 100.00000  9.5840988      12.269652    
-180.00000  50.00000 110.00000  14.764728      17.474924    
-180.00000  50.00000 120.00000  22.057396      24.791500    
-180.00000  50.00000 130.00000  29.086657      31.840044    
-180.00000  50.00000 140.00000  31.934488      34.702072    
-180.00000  50.00000 150.00000  28.830889      31.608034    
-180.00000  50.00000 160.00000  22.143976      24.926575    
-180.00000  50.00000 170.00000  15.509057      18.293171    
-180.00000  60.00000-180.00000  4.9551802      7.7253089    
-180.00000  60.00000-170.00000  4.2690530      7.0293202    
-180.00000  60.00000-160.00000  3.7950332      6.5377064    
-180.00000  60.00000-150.00000  3.4632275      6.1777339    
-180.00000  60.00000-140.00000  3.2252576      5.8992715    
-180.00000  60.00000-130.00000  3.0555995      5.6888609    
-180.00000  60.00000-120.00000  2.9562609      5.6475053    
-180.00000  60.00000-110.00000  2.9781492      6.4670482    
-180.00000  60.00000-100.00000  3.2736638      12.827616    
-180.00000  60.00000 -90.00000  4.2198000      64.754799    
-180.00000  60.00000 -80.00000  6.8808680      630.15039    
-180.00000  60.00000 -70.00000  15.634115      9191.3145    
-180.00000  60.00000 -60.00000  46.198128      150952.66    
-180.00000  60.00000 -50.00000  97.801559      1031805.3    
-180.00000  60.00000 -40.00000  84.714691      673149.50    
-180.00000  60.00000 -30.00000  35.994270      64876.348    
-180.00000  60.00000 -20.00000  15.678816      6683.8745    
-180.00000  60.00000 -10.00000  9.1341934      1749.8833    
-180.00000  60.00000   0.00000  6.1455665      486.18658    
-180.00000  60.00000  10.00000  4.5961690      139.08215    
-180.00000  60.00000  20.00000  3.7722468      51.111881    
-180.00000  60.00000  30.00000  3.3182359      23.749947    
-180.00000  60.00000  40.00000  3.0692012      12.911907    
-180.00000  60.00000  50.00000  2.9487998      8.3377199    
-180.00000  60.00000  60.00000  2.9265332      6.5217071    
-180.00000  60.00000  70.00000  3.0120139      5.9432783    
-180.00000  60.00000  80.00000  3.2662649      5.9843364    
-180.00000  60.00000  90.00000  3.8109248      6.4828773    
-180.00000  60.00000 100.00000  4.7948852      7.4761624    
-180.00000  60.00000 110.00000  6.2582669      8.9628372    
-180.00000  60.00000 120.00000  7.9158616      10.643483    
-180.00000  60.00000 130.00000  9.1231766      11.869504    
-180.00000  60.00000 140.00000  9.3036900      12.063702    
-180.00000  60.00000 150.00000  8.4754620      11.244484    
-180.00000  60.00000 160.00000  7.1741581      9.9478998    
-180.00000  60.00000 170.00000  5.9248686      8.6991177    
-180.00000  70.00000-180.00000  3.2575879      6.0182242    
-180.00000  70.00000-170.00000  3.0547454      5.8038464    
-180.00000  70.00000-160.00000  2.8591011      5.5882511    
-180.00000  70.00000-150.00000  2.6750300      5.3728356    
-180.00000  70.00000-140.00000  2.5078349      5.1612854    
-180.00000  70.00000-130.00000  2.3621500      4.9722834    
-180.00000  70.00000-120.00000  2.2449071      4.9213247    
-180.00000  70.00000-110.00000  2.1753590      5.6976562    
-180.00000  70.00000-100.00000  2.2031779      11.705974    
-180.00000  70.00000 -90.00000  2.4432924      55.368004    
-180.00000  70.00000 -80.00000  3.1818001      407.60495    
-180.00000  70.00000 -70.00000  5.1195426      3217.0720    
-180.00000  70.00000 -60.00000  8.7321358      17167.674    
-180.00000  70.00000 -50.00000  10.989107      30737.146    
-180.00000  70.00000 -40.00000  8.9668503      13457.039    
-180.00000  70.00000 -30.00000  6.3002777      3052.7485    
-180.00000  70.00000 -20.00000  4.8617282      1098.0616    
-180.00000  70.00000 -10.00000  4.0140252      461.97455    
-180.00000  70.00000   0.00000  3.4421387      175.35658    
-180.00000  70.00000  10.00000  3.0496469      74.782112    
-180.00000  70.00000  20.00000  2.7600970      37.945778    
-180.00000  70.00000  30.00000  2.5392148      20.603928    
-180.00000  70.00000  40.00000  2.3800111      11.770815    
-180.00000  70.00000  50.00000  2.2792661      7.5919843    
-180.00000  70.00000  60.00000  2.2325339      5.8196788    
-180.00000  70.00000  70.00000  2.2404473      5.1724148    
-180.00000  70.00000  80.00000  2.3162434      5.0338492    
-180.00000  70.00000  90.00000  2.4857292      5.1552720    
-180.00000  70.00000 100.00000  2.7703943      5.4478478    
-180.00000  70.00000 110.00000  3.1518526      5.8516970    
-180.00000  70.00000 120.00000  3.5445211      6.2668095    
-180.00000  70.00000 130.00000  3.8252473      6.5657730    
-180.00000  70.00000 140.00000  3.9175434      6.6713099    
-180.00000  70.00000 150.00000  3.8406594      6.6029334    
-180.00000  70.00000 160.00000  3.6688178      6.4351697    
-180.00000  70.00000 170.00000  3.4648628      6.2308483    
-180.00000  80.00000-180.00000  2.6982648      5.4513535    
-180.00000  80.00000-170.00000  2.6212728      5.3616900    
-180.00000  80.00000-160.00000  2.5045240      5.2235808    
-180.00000  80.00000-150.00000  2.3653176      5.0512896    
-180.00000  80.00000-140.00000  2.2213829      4.8607802    
-180.00000  80.00000-130.00000  2.0850935      4.6764364    
-180.00000  80.00000-120.00000  1.9629911      4.5943346    
-180.00000  80.00000-110.00000  1.8606474      5.1195669    
-180.00000  80.00000-100.00000  1.7904140      8.9871950    
-180.00000  80.00000 -90.00000  1.7811034      31.189718    
-180.00000  80.00000 -80.00000  1.8896931      147.00539    
-180.00000  80.00000 -70.00000  2.1814761      605.78815    
-180.00000  80.00000 -60.00000  2.5779974      1480.8931    
-180.00000  80.00000 -50.00000  2.7931366      1590.7322    
-180.00000  80.00000 -40.00000  2.7861462      861.81958    
-180.00000  80.00000 -30.00000  2.7683840      464.76123    
-180.00000  80.00000 -20.00000  2.7686648      293.86172    
-180.00000  80.00000 -10.00000  2.7418089      163.96794    
-180.00000  80.00000   0.00000  2.6775520      89.723297    
-180.00000  80.00000  10.00000  2.5669615      54.221752    
-180.00000  80.00000  20.00000  2.4163065      33.269855    
-180.00000  80.00000  30.00000  2.2552810      19.475309    
-180.00000  80.00000  40.00000  2.1154382      11.382045    
-180.00000  80.00000  50.00000  2.0135825      7.3234849    
-180.00000  80.00000  60.00000  1.9519709      5.5453553    
-180.00000  80.00000  70.00000  1.9266646      4.8607168    
-180.00000  80.00000  80.00000  1.9351887      4.6518579    
-180.00000  80.00000  90.00000  1.9791677      4.6461682    
-180.00000  80.00000 100.00000  2.0607069      4.7347207    
-180.00000  80.00000 110.00000  2.1751764      4.8710155    
-180.00000  80.00000 120.00000  2.3076470      5.0255270    
-180.00000  80.00000 130.00000  2.4385889      5.1743522    
-180.00000  80.00000 140.00000  2.5534282      5.3020787    
-180.00000  80.00000 150.00000  2.6444960      5.4012556    
-180.00000  80.00000 160.00000  2.7050996      5.4654269    
-180.00000  80.00000 170.00000  2.7258499      5.4851294    
-180.00000  90.00000-180.00000  2.5260296      5.2733278    
-180.00000  90.00000-170.00000  2.4852259      5.2193742    
-180.00000  90.00000-160.00000  2.3926508      5.1050334    
-180.00000  90.00000-150.00000  2.2684243      4.9475617    
-180.00000  90.00000-140.00000  2.1341376      4.7664757    
-180.00000  90.00000-130.00000  2.0049214      4.5843911    
-180.00000  90.00000-120.00000  1.8874298      4.4640360    
-180.00000  90.00000-110.00000  1.7830635      4.6788721    
-180.00000  90.00000-100.00000  1.6933861      6.3985949    
-180.00000  90.00000 -90.00000  1.6250799      14.059540    
-180.00000  90.00000 -80.00000  1.5920423      40.274986    
-180.00000  90.00000 -70.00000  1.6086454      100.06886    
-180.00000  90.00000 -60.00000  1.6748035      163.82007    
-180.00000  90.00000 -50.00000  1.7818183      168.31546    
-180.00000  90.00000 -40.00000  1.9319966      143.81900    
-180.00000  90.00000 -30.00000  2.1152904      129.94109    
-180.00000  90.00000 -20.00000  2.2949486      108.35790    
-180.00000  90.00000 -10.00000  2.4304862      82.177979    
-180.00000  90.00000   0.00000  2.4869468      62.968010    
-180.00000  90.00000  10.00000  2.4470925      47.086063    
-180.00000  90.00000  20.00000  2.3297684      31.706854    
-180.00000  90.00000  30.00000  2.1801558      19.275650    
-180.00000  90.00000  40.00000  2.0410013      11.394380    
-180.00000  90.00000  50.00000  1.9353502      7.2998228    
-180.00000  90.00000  60.00000  1.8674253      5.4786620    
-180.00000  90.00000  70.00000  1.8316020      4.7687511    
-180.00000  90.00000  80.00000  1.8207706      4.5360937    
-180.00000  90.00000  90.00000  1.8308007      4.4951339    
-180.00000  90.00000 100.00000  1.8611785      4.5319967    
-180.00000  90.00000 110.00000  1.9133464      4.6056633    
-180.00000  90.00000 120.00000  1.9885902      4.7027025    
-180.00000  90.00000 130.00000  2.0861998      4.8179493    
-180.00000  90.00000 140.00000  2.2014093      4.9458070    
-180.00000  90.00000 150.00000  2.3229070      5.0751095    
-180.00000  90.00000 160.00000  2.4320130      5.1874294    
-180.00000  90.00000 170.00000  2.5060480      5.2600241    
-180.00000 100.00000-180.00000  2.4983096      5.2412953    
-180.00000 100.00000-170.00000  2.4675596      5.1974969    
-180.00000 100.00000-160.00000  2.3822224      5.0909662    
-180.00000 100.00000-150.00000  2.2634397      4.9402308    
-180.00000 100.00000-140.00000  2.1344137      4.7662802    
-180.00000 100.00000-130.00000  2.0116272      4.5886569    
-180.00000 100.00000-120.00000  1.9021617      4.4415336    
-180.00000 100.00000-110.00000  1.8064597      4.4393411    
-180.00000 100.00000-100.00000  1.7232293      4.9603329    
-180.00000 100.00000 -90.00000  1.6538688      6.9992342    
-180.00000 100.00000 -80.00000  1.6048596      12.212327    
-180.00000 100.00000 -70.00000  1.5873946      21.012272    
-180.00000 100.00000 -60.00000  1.6147069      30.046392    
-180.00000 100.00000 -50.00000  1.6985025      37.153004    
-180.00000 100.00000 -40.00000  1.8423064      45.213474    
-180.00000 100.00000 -30.00000  2.0324056      52.848106    
-180.00000 100.00000 -20.00000  2.2350791      56.250088    
-180.00000 100.00000 -10.00000  2.4016666      56.720020    
-180.00000 100.00000   0.00000  2.4827158      53.809425    
-180.00000 100.00000  10.00000  2.4552634      44.749313    
-180.00000 100.00000  20.00000  2.3407028      31.714289    
-180.00000 100.00000  30.00000  2.1889548      19.794846    
-180.00000 100.00000  40.00000  2.0464463      11.737111    
-180.00000 100.00000  50.00000  1.9381007      7.4260702    
-180.00000 100.00000  60.00000  1.8685205      5.5100985    
-180.00000 100.00000  70.00000  1.8312974      4.7725487    
-180.00000 100.00000  80.00000  1.8176863      4.5313859    
-180.00000 100.00000  90.00000  1.8216819      4.4832487    
-180.00000 100.00000 100.00000  1.8417102      4.5094643    
-180.00000 100.00000 110.00000  1.8800656      4.5691614    
-180.00000 100.00000 120.00000  1.9409478      4.6516662    
-180.00000 100.00000 130.00000  2.0274465      4.7556667    
-180.00000 100.00000 140.00000  2.1377940      4.8784981    
-180.00000 100.00000 150.00000  2.2617860      5.0101247    
-180.00000 100.00000 160.00000  2.3796897      5.1310625    
-180.00000 100.00000 170.00000  2.4659872      5.2157459    
-180.00000 110.00000-180.00000  2.5232043      5.2630806    
-180.00000 110.00000-170.00000  2.4943650      5.2218242    
-180.00000 110.00000-160.00000  2.4108315      5.1183987    
-180.00000 110.00000-150.00000  2.2943206      4.9723859    
-180.00000 110.00000-140.00000  2.1688929      4.8056898    
-180.00000 110.00000-130.00000  2.0517504      4.6358123    
-180.00000 110.00000-120.00000  1.9503216      4.4803848    
-180.00000 110.00000-110.00000  1.8647990      4.3791919    
-180.00000 110.00000-100.00000  1.7929039      4.4372892    
-180.00000 110.00000 -90.00000  1.7341677      4.8685918    
-180.00000 110.00000 -80.00000  1.6925076      5.9525542    
-180.00000 110.00000 -70.00000  1.6769358      7.8628602    
-180.00000 110.00000 -60.00000  1.7002105      10.746943    
-180.00000 110.00000 -50.00000  1.7750765      15.216712    
-180.00000 110.00000 -40.00000  1.9076430      21.905230    
-180.00000 110.00000 -30.00000  2.0889385      30.374548    
-180.00000 110.00000 -20.00000  2.2883008      39.706062    
-180.00000 110.00000 -10.00000  2.4546463      48.023479    
-180.00000 110.00000   0.00000  2.5342526      50.762344    
-180.00000 110.00000  10.00000  2.5026982      44.896976    
-180.00000 110.00000  20.00000  2.3827145      33.382309    
-180.00000 110.00000  30.00000  2.2261474      21.355173    
-180.00000 110.00000  40.00000  2.0805693      12.476907    
-180.00000 110.00000  50.00000  1.9711264      7.6589975    
-180.00000 110.00000  60.00000  1.9021053      5.5828485    
-180.00000 110.00000  70.00000  1.8665439      4.8118930    
-180.00000 110.00000  80.00000  1.8549087      4.5666437    
-180.00000 110.00000  90.00000  1.8602347      4.5189309    
-180.00000 110.00000 100.00000  1.8800933      4.5448036    
-180.00000 110.00000 110.00000  1.9163605      4.6022954    
-180.00000 110.00000 120.00000  1.9734993      4.6809826    
-180.00000 110.00000 130.00000  2.0555120      4.7804246    
-180.00000 110.00000 140.00000  2.1618946      4.8992329    
-180.00000 110.00000 150.00000  2.2835872      5.0285039    
-180.00000 110.00000 160.00000  2.4012578      5.1491981    
-180.00000 110.00000 170.00000  2.4889002      5.2352962    
-180.00000 120.00000-180.00000  2.5632961      5.3009720    
-180.00000 120.00000-170.00000  2.5340552      5.2603464    
-180.00000 120.00000-160.00000  2.4507606      5.1590381    
-180.00000 120.00000-150.00000  2.3354924      5.0174527    
-180.00000 120.00000-140.00000  2.2128165      4.8583255    
-180.00000 120.00000-130.00000  2.1003547      4.6984057    
-180.00000 120.00000-120.00000  2.0057170      4.5482411    
-180.00000 120.00000-110.00000  1.9288881      4.4205875    
-180.00000 120.00000-100.00000  1.8670034      4.3451910    
-180.00000 120.00000 -90.00000  1.8184929      4.3844733    
-180.00000 120.00000 -80.00000  1.7857519      4.6482224    
-180.00000 120.00000 -70.00000  1.7760999      5.3292818    
-180.00000 120.00000 -60.00000  1.8009661      6.8007617    
-180.00000 120.00000 -50.00000  1.8727663      9.7070141    
-180.00000 120.00000 -40.00000  1.9987398      14.866872    
-180.00000 120.00000 -30.00000  2.1720932      22.997564    
-180.00000 120.00000 -20.00000  2.3637166      33.988121    
-180.00000 120.00000 -10.00000  2.5224535      45.060871    
-180.00000 120.00000   0.00000  2.5941095      50.728180    
-180.00000 120.00000  10.00000  2.5548353      47.989994    
-180.00000 120.00000  20.00000  2.4285948      38.187412    
-180.00000 120.00000  30.00000  2.2680237      24.635689    
-180.00000 120.00000  40.00000  2.1207564      13.636658    
-180.00000 120.00000  50.00000  2.0114679      7.9359908    
-180.00000 120.00000  60.00000  1.9439232      5.6590414    
-180.00000 120.00000  70.00000  1.9107587      4.8577394    
-180.00000 120.00000  80.00000  1.9019833      4.6111326    
-180.00000 120.00000  90.00000  1.9100417      4.5656395    
-180.00000 120.00000 100.00000  1.9318867      4.5933647    
-180.00000 120.00000 110.00000  1.9688977      4.6515512    
-180.00000 120.00000 120.00000  2.0253336      4.7295089    
-180.00000 120.00000 130.00000  2.1054022      4.8270020    
-180.00000 120.00000 140.00000  2.2091675      4.9432406    
-180.00000 120.00000 150.00000  2.3282249      5.0699673    
-180.00000 120.00000 160.00000  2.4437571      5.1886468    
-180.00000 120.00000 170.00000  2.5299053      5.2735357    
-180.00000 130.00000-180.00000  2.6035962      5.3397675    
-180.00000 130.00000-170.00000  2.5736978      5.2998304    
-180.00000 130.00000-160.00000  2.4903886      5.2007084    
-180.00000 130.00000-150.00000  2.3759813      5.0635076    
-180.00000 130.00000-140.00000  2.2554119      4.9116926    
-180.00000 130.00000-130.00000  2.1466269      4.7621713    
-180.00000 130.00000-120.00000  2.0572801      4.6230416    
-180.00000 130.00000-110.00000  1.9871427      4.4987040    
-180.00000 130.00000-100.00000  1.9328430      4.3993711    
-180.00000 130.00000 -90.00000  1.8920783      4.3548613    
-180.00000 130.00000 -80.00000  1.8662765      4.4376369    
-180.00000 130.00000 -70.00000  1.8616718      4.8086257    
-180.00000 130.00000 -60.00000  1.8887683      5.8009210    
-180.00000 130.00000 -50.00000  1.9595225      8.0356503    
-180.00000 130.00000 -40.00000  2.0814097      12.509361    
-180.00000 130.00000 -30.00000  2.2484312      20.408970    
-180.00000 130.00000 -20.00000  2.4323175      32.008862    
-180.00000 130.00000 -10.00000  2.5825799      44.741581    
-180.00000 130.00000   0.00000  2.6459861      54.102524    
-180.00000 130.00000  10.00000  2.6000538      57.312424    
-180.00000 130.00000  20.00000  2.4693017      48.990944    
-180.00000 130.00000  30.00000  2.3062084      29.943892    
-180.00000 130.00000  40.00000  2.1583188      14.912945    
-180.00000 130.00000  50.00000  2.0497582      8.1421556    
-180.00000 130.00000  60.00000  1.9837952      5.7099743    
-180.00000 130.00000  70.00000  1.9528333      4.8966999    
-180.00000 130.00000  80.00000  1.9466106      4.6521831    
-180.00000 130.00000  90.00000  1.9571848      4.6091762    
-180.00000 130.00000 100.00000  1.9810737      4.6388612    
-180.00000 130.00000 110.00000  2.0192864      4.6982183    
-180.00000 130.00000 120.00000  2.0758395      4.7763696    
-180.00000 130.00000 130.00000  2.1549461      4.8730245    
-180.00000 130.00000 140.00000  2.2569103      4.9876213    
-180.00000 130.00000 150.00000  2.3737595      5.1123481    
-180.00000 130.00000 160.00000  2.4871066      5.2291789    
-180.00000 130.00000 170.00000  2.5714562      5.3127689    
-180.00000 140.00000-180.00000  2.6390224      5.3741908    
-180.00000 140.00000-170.00000  2.6088738      5.3355622    
-180.00000 140.00000-160.00000  2.5255685      5.2387996    
-180.00000 140.00000-150.00000  2.4116607      5.1055961    
-180.00000 140.00000-140.00000  2.2925429      4.9602432    
-180.00000 140.00000-130.00000  2.1864657      4.8200755    
-180.00000 140.00000-120.00000  2.1010592      4.6925154    
-180.00000 140.00000-110.00000  2.0358083      4.5792994    
-180.00000 140.00000-100.00000  1.9869248      4.4848523    
-180.00000 140.00000 -90.00000  1.9515934      4.4289546    
-180.00000 140.00000 -80.00000  1.9306165      4.4685717    
-180.00000 140.00000 -70.00000  1.9295616      4.7413111    
-180.00000 140.00000 -60.00000  1.9582915      5.5506530    
-180.00000 140.00000 -50.00000  2.0283399      7.5098863    
-180.00000 140.00000 -40.00000  2.1471148      11.697391    
-180.00000 140.00000 -30.00000  2.3089259      19.520874    
-180.00000 140.00000 -20.00000  2.4861379      31.687853    
-180.00000 140.00000 -10.00000  2.6293128      47.037006    
-180.00000 140.00000   0.00000  2.6869988      64.781342    
-180.00000 140.00000  10.00000  2.6377032      79.839653    
-180.00000 140.00000  20.00000  2.5043526      67.684509    
-180.00000 140.00000  30.00000  2.3392224      35.647289    
-180.00000 140.00000  40.00000  2.1908443      15.617179    
-180.00000 140.00000  50.00000  2.0828147      8.1695004    
-180.00000 140.00000  60.00000  2.0179827      5.7234383    
-180.00000 140.00000  70.00000  1.9886408      4.9242663    
-180.00000 140.00000  80.00000  1.9843222      4.6849442    
-180.00000 140.00000  90.00000  1.9967848      4.6442175    
-180.00000 140.00000 100.00000  2.0222459      4.6754479    
-180.00000 140.00000 110.00000  2.0614362      4.7358847    
-180.00000 140.00000 120.00000  2.1181862      4.8144255    
-180.00000 140.00000 130.00000  2.1966543      4.9107375    
-180.00000 140.00000 140.00000  2.2973003      5.0243430    
-180.00000 140.00000 150.00000  2.4124861      5.1478176    
-180.00000 140.00000 160.00000  2.5242677      5.2636042    
-180.00000 140.00000 170.00000  2.6074889      5.3467798    
-180.00000 150.00000-180.00000  2.6685505      5.4030833    
-180.00000 150.00000-170.00000  2.6384795      5.3662186    
-180.00000 150.00000-160.00000  2.5549626      5.2715907    
-180.00000 150.00000-150.00000  2.4410305      5.1416097    
-180.00000 150.00000-140.00000  2.3227379      5.0015321    
-180.00000 150.00000-130.00000  2.2185750      4.8690228    
-180.00000 150.00000-120.00000  2.1360152      4.7512732    
-180.00000 150.00000-110.00000  2.0742090      4.6489015    
-180.00000 150.00000-100.00000  2.0290313      4.5640974    
-180.00000 150.00000 -90.00000  1.9973110      4.5123777    
-180.00000 150.00000 -80.00000  1.9794569      4.5432124    
-180.00000 150.00000 -70.00000  1.9805728      4.7822509    
-180.00000 150.00000 -60.00000  2.0100856      5.5189013    
-180.00000 150.00000 -50.00000  2.0792105      7.3646646    
-180.00000 150.00000 -40.00000  2.1952679      11.447030    
-180.00000 150.00000 -30.00000  2.3528347      19.383320    
-180.00000 150.00000 -20.00000  2.5250006      32.801796    
-180.00000 150.00000 -10.00000  2.6640022      54.546898    
-180.00000 150.00000   0.00000  2.7206423      91.767220    
-180.00000 150.00000  10.00000  2.6714962      122.09161    
-180.00000 150.00000  20.00000  2.5351946      88.385010    
-180.00000 150.00000  30.00000  2.3671157      38.011536    
-180.00000 150.00000  40.00000  2.2177451      15.254935    
-180.00000 150.00000  50.00000  2.1096013      8.0188446    
-180.00000 150.00000  60.00000  2.0452290      5.7079964    
-180.00000 150.00000  70.00000  2.0168350      4.9406657    
-180.00000 150.00000  80.00000  2.0137136      4.7076178    
-180.00000 150.00000  90.00000  2.0273972      4.6686592    
-180.00000 150.00000 100.00000  2.0538790      4.7010703    
-180.00000 150.00000 110.00000  2.0936780      4.7624345    
-180.00000 150.00000 120.00000  2.1504884      4.8415051    
-180.00000 150.00000 130.00000  2.2284489      4.9378271    
-180.00000 150.00000 140.00000  2.3281755      5.0510855    
-180.00000 150.00000 150.00000  2.4424033      5.1742206    
-180.00000 150.00000 160.00000  2.5535886      5.2901459    
-180.00000 150.00000 170.00000  2.6367559      5.3741794    
-180.00000 160.00000-180.00000  2.6918499      5.4260035    
-180.00000 160.00000-170.00000  2.6616433      5.3907270    
-180.00000 160.00000-160.00000  2.5774016      5.2976170    
-180.00000 160.00000-150.00000  2.4630423      5.1701069    
-180.00000 160.00000-140.00000  2.3452351      5.0342131    
-180.00000 160.00000-130.00000  2.2425129      4.9077539    
-180.00000 160.00000-120.00000  2.1620064      4.7975950    
-180.00000 160.00000-110.00000  2.1025457      4.7037144    
-180.00000 160.00000-100.00000  2.0597668      4.6272445    
-180.00000 160.00000 -90.00000  2.0302861      4.5817027    
-180.00000 160.00000 -80.00000  2.0142441      4.6128278    
-180.00000 160.00000 -70.00000  2.0164485      4.8404789    
-180.00000 160.00000 -60.00000  2.0460157      5.5479341    
-180.00000 160.00000 -50.00000  2.1139696      7.3514328    
-180.00000 160.00000 -40.00000  2.2276797      11.444301    
-180.00000 160.00000 -30.00000  2.3821199      19.843088    
-180.00000 160.00000 -20.00000  2.5514910      36.441257    
-180.00000 160.00000 -10.00000  2.6906674      73.487404    
-180.00000 160.00000   0.00000  2.7514439      145.49727    
-180.00000 160.00000  10.00000  2.7022219      172.75481    
-180.00000 160.00000  20.00000  2.5600252      95.886986    
-180.00000 160.00000  30.00000  2.3886573      35.043705    
-180.00000 160.00000  40.00000  2.2381239      14.118102    
-180.00000 160.00000  50.00000  2.1293287      7.7952003    
-180.00000 160.00000  60.00000  2.0648458      5.6806788    
-180.00000 160.00000  70.00000  2.0367885      4.9467883    
-180.00000 160.00000  80.00000  2.0342598      4.7188954    
-180.00000 160.00000  90.00000  2.0485997      4.6812387    
-180.00000 160.00000 100.00000  2.0756383      4.7147136    
-180.00000 160.00000 110.00000  2.1157491      4.7771053    
-180.00000 160.00000 120.00000  2.1725204      4.8569713    
-180.00000 160.00000 130.00000  2.2501407      4.9538293    
-180.00000 160.00000 140.00000  2.3494625      5.0675659    
-180.00000 160.00000 150.00000  2.4635873      5.1915112    
-180.00000 160.00000 160.00000  2.5752623      5.3089175    
-180.00000 160.00000 170.00000  2.6593683      5.3950276    
-180.00000 170.00000-180.00000  2.7074594      5.4414115    
-180.00000 170.00000-170.00000  2.6764710      5.4071021    
-180.00000 170.00000-160.00000  2.5912037      5.3150196    
-180.00000 170.00000-150.00000  2.4765508      5.1896663    
-180.00000 170.00000-140.00000  2.3594186      5.0574098    
-180.00000 170.00000-130.00000  2.2579551      4.9357543    
-180.00000 170.00000-120.00000  2.1789188      4.8311524    
-180.00000 170.00000-110.00000  2.1209490      4.7433233    
-180.00000 170.00000-100.00000  2.0795960      4.6729136    
-180.00000 170.00000 -90.00000  2.0513659      4.6324205    
-180.00000 170.00000 -80.00000  2.0362303      4.6656919    
-180.00000 170.00000 -70.00000  2.0387704      4.8898258    
-180.00000 170.00000 -60.00000  2.0679317      5.5870342    
-180.00000 170.00000 -50.00000  2.1346776      7.3907743    
-180.00000 170.00000 -40.00000  2.2465663      11.631595    
-180.00000 170.00000 -30.00000  2.3991411      21.224201    
-180.00000 170.00000 -20.00000  2.5683346      45.149250    
-180.00000 170.00000 -10.00000  2.7120786      111.45371    
-180.00000 170.00000   0.00000  2.7777112      215.65994    
-180.00000 170.00000  10.00000  2.7227972      193.39261    
-180.00000 170.00000  20.00000  2.5743768      83.031563    
-180.00000 170.00000  30.00000  2.4018693      29.244629    
-180.00000 170.00000  40.00000  2.2505729      12.919086    
-180.00000 170.00000  50.00000  2.1409268      7.6002536    
-180.00000 170.00000  60.00000  2.0759685      5.6518373    
-180.00000 170.00000  70.00000  2.0477915      4.9418745    
-180.00000 170.00000  80.00000  2.0453939      4.7170839    
-180.00000 170.00000  90.00000  2.0600138      4.6805258    
-180.00000 170.00000 100.00000  2.0873454      4.7153778    
-180.00000 170.00000 110.00000  2.1276438      4.7792988    
-180.00000 170.00000 120.00000  2.1844530      4.8606014    
-180.00000 170.00000 130.00000  2.2620659      4.9587936    
-180.00000 170.00000 140.00000  2.3615999      5.0740485    
-180.00000 170.00000 150.00000  2.4764626      5.2000098    
-180.00000 170.00000 160.00000  2.5893967      5.3199601    
-180.00000 170.00000 170.00000  2.6746943      5.4086452    
