Proline ring constructor file. PARAM4 used for non-backbone parameters.         
Force constants of 2000 used for backbone. Jan 28, 1983. Bob Bruccoleri         
*
  205
-152.92999  81.66212  16.62368   2.59808   1.39400  94.71000  85.05000   1.68500  88.81000  45.58000   1.66600 112.81000 -17.45000
-151.98000  79.17433  15.99719   2.48428   1.39600  94.73000  85.89000   1.68100  89.09000  45.57000   1.66200 112.76000 -17.42000
-151.02000  76.74084  15.39007   2.37729   1.39900  94.76000  86.73000   1.67700  89.37000  45.56000   1.65900 112.70000 -17.40000
-150.07001  74.36097  14.79932   2.27385   1.40100  94.80000  87.58000   1.67300  89.65000  45.55000   1.65500 112.63000 -17.38000
-149.11000  72.03310  14.22452   2.17419   1.40400  94.85000  88.44000   1.67000  89.93000  45.54000   1.65200 112.56000 -17.36000
-148.14999  69.75849  13.66538   2.07437   1.40600  94.90000  89.29000   1.66600  90.21000  45.52000   1.64800 112.48000 -17.33000
-147.20000  67.53629  13.12347   1.98145   1.40900  94.95000  90.15000   1.66200  90.49000  45.50000   1.64500 112.39000 -17.32000
-146.24001  65.36535  12.59541   1.88808   1.41100  95.02000  91.02000   1.65900  90.78000  45.46000   1.64200 112.31000 -17.29000
-145.28000  63.24601  12.08240   1.79857   1.41400  95.09000  91.89000   1.65500  91.06000  45.43000   1.63900 112.21000 -17.26000
-144.32001  61.17806  11.58423   1.71298   1.41600  95.16000  92.76000   1.65200  91.34000  45.39000   1.63500 112.12000 -17.24000
-143.37000  59.16121  11.09992   1.62954   1.41800  95.24000  93.64000   1.64800  91.63000  45.34000   1.63200 112.02000 -17.21000
-142.41000  57.19420  10.62996   1.54879   1.42100  95.33000  94.52000   1.64500  91.92000  45.28000   1.62900 111.91000 -17.19000
-141.45000  55.27737  10.17294   1.46782   1.42300  95.42000  95.40000   1.64100  92.20000  45.22000   1.62600 111.81000 -17.16000
-140.49001  53.41050   9.72854   1.39330   1.42500  95.51000  96.29000   1.63800  92.49000  45.15000   1.62300 111.70000 -17.13000
-139.53000  51.59259   9.29793   1.31878   1.42800  95.61000  97.18000   1.63500  92.78000  45.07000   1.62100 111.59000 -17.10000
-138.57001  49.82426   8.87884   1.24806   1.43000  95.71000  98.07000   1.63200  93.06000  44.98000   1.61800 111.47000 -17.07000
-137.61000  48.10433   8.47231   1.17837   1.43200  95.81000  98.97000   1.62800  93.35000  44.89000   1.61500 111.36000 -17.05000
-136.64999  46.43233   8.07650   1.11384   1.43400  95.92000  99.87000   1.62500  93.64000  44.78000   1.61200 111.24000 -17.01000
-135.69000  44.80934   7.69362   1.04977   1.43700  96.03000 100.77000   1.62200  93.93000  44.67000   1.61000 111.12000 -16.98000
-134.73000  43.23294   7.32217   0.98796   1.43900  96.14000 101.67000   1.61900  94.21000  44.56000   1.60700 111.00000 -16.96000
-133.75999  41.70451   6.96196   0.93051   1.44100  96.26000 102.58000   1.61600  94.50000  44.43000   1.60400 110.88000 -16.93000
-132.80000  40.22253   6.61018   0.87312   1.44300  96.38000 103.48000   1.61300  94.79000  44.27000   1.60200 110.75000 -16.86000
-131.84000  38.78695   6.27164   0.81934   1.44500  96.50000 104.39000   1.61000  95.08000  44.13000   1.59900 110.63000 -16.85000
-130.88000  37.39708   5.94587   0.76730   1.44700  96.62000 105.31000   1.60700  95.36000  43.99000   1.59700 110.51000 -16.85000
-129.92000  36.05285   5.62820   0.71634   1.44900  96.75000 106.22000   1.60500  95.64000  43.82000   1.59500 110.39000 -16.82000
-128.95000  34.75411   5.31929   0.66773   1.45100  96.86000 107.14000   1.60200  95.93000  43.67000   1.59200 110.26000 -16.82000
-127.99000  33.49947   5.02359   0.62341   1.45300  96.99000 108.06000   1.59900  96.21000  43.48000   1.59000 110.15000 -16.78000
-127.02000  32.28881   4.73609   0.57897   1.45500  97.12000 108.98000   1.59600  96.50000  43.29000   1.58800 110.02000 -16.76000
-126.06000  31.12161   4.45880   0.53872   1.45700  97.25000 109.91000   1.59400  96.78000  43.08000   1.58600 109.91000 -16.73000
-125.10000  29.99665   4.19139   0.49869   1.45900  97.37000 110.83000   1.59100  97.06000  42.88000   1.58300 109.78000 -16.73000
-124.13000  28.91470   3.93613   0.45872   1.46100  97.49000 111.74000   1.58800  97.34000  42.65000   1.58100 109.67000 -16.68000
-123.16000  27.87464   3.68500   0.42675   1.46300  97.63000 112.69000   1.58600  97.61000  42.45000   1.57900 109.56000 -16.72000
-122.20000  26.87491   3.44659   0.39403   1.46500  97.75000 113.62000   1.58400  97.89000  42.21000   1.57700 109.44000 -16.70000
-121.23000  25.91534   3.21724   0.36161   1.46600  97.88000 114.55000   1.58100  98.17000  41.97000   1.57500 109.32000 -16.70000
-120.26000  24.99569   2.99621   0.33237   1.46800  98.00000 115.48000   1.57900  98.44000  41.73000   1.57300 109.21000 -16.72000
-119.29000  24.11473   2.78773   0.30511   1.47000  98.13000 116.42000   1.57600  98.70000  41.49000   1.57200 109.10000 -16.75000
-118.32000  23.27187   2.58555   0.27887   1.47100  98.25000 117.36000   1.57400  98.97000  41.25000   1.57000 108.99000 -16.80000
-117.35000  22.46579   2.39457   0.25439   1.47300  98.39000 118.30000   1.57200  99.23000  40.99000   1.56800 108.89000 -16.83000
-116.38000  21.69689   2.21078   0.23173   1.47500  98.51000 119.24000   1.57000  99.49000  40.72000   1.56600 108.79000 -16.86000
-115.41000  20.96314   2.03644   0.21001   1.47600  98.64000 120.19000   1.56800  99.74000  40.47000   1.56500 108.69000 -16.96000
-114.44000  20.26452   1.87204   0.19043   1.47800  98.76000 121.13000   1.56600  99.98000  40.24000   1.56300 108.59000 -17.08000
-113.47000  19.59934   1.71365   0.17223   1.47900  98.89000 122.09000   1.56400 100.23000  39.95000   1.56100 108.50000 -17.14000
-112.49000  18.96665   1.56536   0.15572   1.48100  99.00000 123.03000   1.56200 100.46000  39.74000   1.56000 108.40000 -17.33000
-111.52000  18.36727   1.42348   0.14037   1.48200  99.13000 123.99000   1.56000 100.69000  39.48000   1.55800 108.31000 -17.47000
-110.55000  17.79774   1.29247   0.12599   1.48300  99.25000 124.94000   1.55800 100.91000  39.28000   1.55700 108.22000 -17.71000
-109.57000  17.25885   1.16835   0.11297   1.48400  99.36000 125.90000   1.55600 101.12000  39.07000   1.55600 108.13000 -17.96000
-108.59000  16.74854   1.05380   0.10118   1.48600  99.48000 126.86000   1.55400 101.31000  38.91000   1.55400 108.05000 -18.31000
-107.62000  16.26606   0.94458   0.08947   1.48700  99.58000 127.82000   1.55200 101.51000  38.74000   1.55300 107.95000 -18.63000
-106.64000  15.81004   0.84721   0.08029   1.48800  99.69000 128.78999   1.55100 101.66000  38.66000   1.55200 107.87000 -19.14000
-105.66000  15.37877   0.75582   0.07203   1.48900  99.80000 129.75999   1.54900 101.82000  38.58000   1.55100 107.79000 -19.66000
-104.68000  14.97252   0.67487   0.06421   1.49000  99.89000 130.72000   1.54700 101.94000  38.60000   1.55000 107.69000 -20.37000
-103.70000  14.58762   0.59723   0.05745   1.49100  99.99000 131.69000   1.54600 102.07000  38.55000   1.54800 107.60000 -20.96000
-102.71000  14.22501   0.52934   0.05123   1.49200 100.08000 132.67000   1.54400 102.16000  38.59000   1.54700 107.50000 -21.73000
-101.73000  13.88002   0.47649   0.04601   1.49200 100.17000 133.64999   1.54300 102.20000  38.80000   1.54700 107.38000 -22.79000
-100.74000  13.55375   0.42491   0.04148   1.49300 100.25000 134.63000   1.54100 102.24000  38.95000   1.54600 107.26000 -23.74000
 -99.75000  13.24347   0.38053   0.03752   1.49400 100.32000 135.61000   1.54000 102.27000  39.12000   1.54500 107.14000 -24.77000
 -98.76000  12.94801   0.34116   0.03477   1.49400 100.41000 136.60001   1.53800 102.27000  39.28000   1.54400 107.01000 -25.78000
 -97.77000  12.66603   0.30734   0.03129   1.49500 100.49000 137.59000   1.53700 102.27000  39.44000   1.54300 106.87000 -26.81000
 -96.78000  12.39617   0.27722   0.02849   1.49500 100.57000 138.58000   1.53600 102.26000  39.59000   1.54200 106.73000 -27.83000
 -95.79000  12.13805   0.25024   0.02626   1.49600 100.65000 139.58000   1.53500 102.24000  39.70000   1.54200 106.58000 -28.80000
 -94.80000  11.89078   0.22606   0.02400   1.49700 100.73000 140.58000   1.53400 102.22000  39.79000   1.54100 106.43000 -29.74000
 -93.81000  11.65386   0.20436   0.02219   1.49700 100.82000 141.58000   1.53300 102.20000  39.85000   1.54000 106.28000 -30.65000
 -92.82000  11.42644   0.18438   0.02034   1.49800 100.90000 142.58000   1.53200 102.18000  39.88000   1.53900 106.12000 -31.51000
 -91.82000  11.20798   0.16586   0.01877   1.49800 100.99000 143.59000   1.53100 102.16000  39.87000   1.53900 105.97000 -32.32000
 -90.83000  10.99826   0.14881   0.01735   1.49900 101.07000 144.60001   1.53000 102.14000  39.84000   1.53800 105.81000 -33.09000
 -89.84000  10.79764   0.13257   0.01595   1.49900 101.16000 145.61000   1.52900 102.13000  39.76000   1.53700 105.66000 -33.80000
 -88.85000  10.60465   0.11761   0.01459   1.50000 101.24000 146.62000   1.52800 102.12000  39.66000   1.53600 105.50000 -34.49000
 -87.85000  10.42023   0.10343   0.01338   1.50000 101.33000 147.63000   1.52700 102.12000  39.53000   1.53600 105.35000 -35.12000
 -86.86000  10.24372   0.09025   0.01215   1.50100 101.41000 148.64000   1.52700 102.12000  39.38000   1.53500 105.19000 -35.72000
 -85.86000  10.07574   0.07776   0.01112   1.50100 101.50000 149.64999   1.52600 102.12000  39.20000   1.53400 105.04000 -36.28000
 -84.87000   9.91445   0.06610   0.01009   1.50200 101.58000 150.66000   1.52500 102.13000  38.99000   1.53400 104.90000 -36.80000
 -83.88000   9.76176   0.05516   0.00909   1.50200 101.66000 151.67000   1.52500 102.14000  38.76000   1.53300 104.75000 -37.28000
 -82.88000   9.61666   0.04508   0.00817   1.50200 101.74000 152.67999   1.52400 102.16000  38.51000   1.53300 104.60000 -37.74000
 -81.89000   9.47964   0.03578   0.00727   1.50300 101.82000 153.69000   1.52300 102.18000  38.23000   1.53200 104.46000 -38.15000
 -80.90000   9.35009   0.02730   0.00647   1.50300 101.90000 154.70000   1.52300 102.20000  37.93000   1.53100 104.32000 -38.54000
 -79.90000   9.22791   0.01990   0.00566   1.50400 101.97000 155.71001   1.52200 102.23000  37.62000   1.53100 104.19000 -38.90000
 -78.91000   9.11467   0.01330   0.00497   1.50400 102.04000 156.72000   1.52200 102.27000  37.28000   1.53000 104.06000 -39.23000
 -77.92000   9.00885   0.00773   0.00428   1.50500 102.11000 157.73000   1.52100 102.30000  36.92000   1.53000 103.93000 -39.53000
 -76.92000   8.91077   0.00324   0.00365   1.50500 102.18000 158.73000   1.52100 102.35000  36.55000   1.52900 103.80000 -39.80000
 -75.93000   8.82044  -0.00019   0.00307   1.50500 102.24000 159.74001   1.52100 102.39000  36.16000   1.52900 103.68000 -40.04000
 -74.94000   8.73791  -0.00239   0.00252   1.50600 102.30000 160.74001   1.52000 102.44000  35.75000   1.52800 103.56000 -40.26000
 -73.94000   8.66343  -0.00328   0.00203   1.50600 102.36000 161.75000   1.52000 102.49000  35.32000   1.52800 103.45000 -40.45000
 -72.95000   8.59734  -0.00283   0.00162   1.50700 102.42000 162.75000   1.52000 102.55000  34.88000   1.52700 103.34000 -40.62000
 -71.96000   8.53909  -0.00100   0.00122   1.50700 102.47000 163.75000   1.51900 102.61000  34.42000   1.52700 103.24000 -40.76000
 -70.96000   8.48830   0.00230   0.00089   1.50700 102.53000 164.75000   1.51900 102.67000  33.95000   1.52700 103.14000 -40.87000
 -69.97000   8.44592   0.00716   0.00060   1.50800 102.57000 165.75000   1.51900 102.73000  33.46000   1.52600 103.04000 -40.97000
 -68.98000   8.41197   0.01363   0.00037   1.50800 102.62000 166.75000   1.51800 102.80000  32.95000   1.52600 102.95000 -41.04000
 -67.98000   8.38575   0.02172   0.00020   1.50900 102.66000 167.75000   1.51800 102.87000  32.43000   1.52600 102.87000 -41.08000
 -66.99000   8.36799   0.03163   0.00008   1.50900 102.70000 168.74001   1.51800 102.94000  31.90000   1.52500 102.79000 -41.11000
 -66.00000   8.35821   0.04330   0.00001   1.50900 102.74000 169.74001   1.51800 103.02000  31.35000   1.52500 102.71000 -41.11000
 -65.00000   8.35617   0.05679   0.00000   1.51000 102.78000 170.73000   1.51800 103.10000  30.79000   1.52500 102.65000 -41.09000
 -64.01000   8.36283   0.07217   0.00004   1.51000 102.81000 171.73000   1.51800 103.17000  30.21000   1.52400 102.58000 -41.05000
 -63.02000   8.37647   0.08947   0.00014   1.51000 102.84000 172.72000   1.51800 103.26000  29.62000   1.52400 102.53000 -40.99000
 -62.02000   8.39900   0.10874   0.00028   1.51100 102.86000 173.71001   1.51700 103.34000  29.02000   1.52400 102.47000 -40.90000
 -61.03000   8.42920   0.12998   0.00048   1.51100 102.89000 174.70000   1.51700 103.42000  28.40000   1.52400 102.43000 -40.80000
 -60.03000   8.46748   0.15323   0.00073   1.51200 102.91000 175.69000   1.51700 103.51000  27.77000   1.52300 102.39000 -40.67000
 -59.04000   8.51360   0.17855   0.00103   1.51200 102.93000 176.67000   1.51700 103.59000  27.13000   1.52300 102.36000 -40.52000
 -58.05000   8.56771   0.20590   0.00138   1.51200 102.95000 177.66000   1.51700 103.68000  26.47000   1.52300 102.33000 -40.35000
 -57.05000   8.62929   0.23535   0.00177   1.51300 102.96000 178.64000   1.51700 103.76000  25.80000   1.52300 102.31000 -40.16000
 -56.06000   8.69898   0.26685   0.00221   1.51300 102.97000 179.63000   1.51700 103.85000  25.12000   1.52300 102.29000 -39.95000
 -55.07000   8.77600   0.30040   0.00270   1.51300 102.9800 -179.39000   1.51800 103.94000  24.43000   1.52200 102.28000 -39.72000
 -54.07000   8.86093   0.33601   0.00321   1.51400 102.9900 -178.41000   1.51800 104.03000  23.72000   1.52200 102.28000 -39.47000
 -53.08000   8.95301   0.37366   0.00377   1.51400 102.9900 -177.42000   1.51800 104.12000  23.00000   1.52200 102.28000 -39.19000
 -52.08000   9.05261   0.41333   0.00438   1.51400 102.9900 -176.44000   1.51800 104.20000  22.26000   1.52200 102.29000 -38.89000
 -51.09000   9.15910   0.45500   0.00501   1.51500 102.9900 -175.46001   1.51800 104.29000  21.52000   1.52200 102.31000 -38.58000
 -50.10000   9.27259   0.49865   0.00563   1.51500 102.9900 -174.48000   1.51800 104.38000  20.76000   1.52200 102.33000 -38.24000
 -49.10000   9.39324   0.54415   0.00629   1.51500 102.9800 -173.50000   1.51800 104.47000  19.98000   1.52200 102.36000 -37.88000
 -48.11000   9.52115   0.59156   0.00705   1.51600 102.9800 -172.53000   1.51900 104.55000  19.20000   1.52200 102.39000 -37.50000
 -47.11000   9.65488   0.64079   0.00773   1.51600 102.9700 -171.55000   1.51900 104.64000  18.40000   1.52200 102.44000 -37.09000
 -46.12000   9.79556   0.69176   0.00847   1.51600 102.9500 -170.57001   1.51900 104.72000  17.58000   1.52200 102.48000 -36.66000
 -45.12000   9.94225   0.74446   0.00925   1.51700 102.9400 -169.60001   1.51900 104.80000  16.76000   1.52200 102.54000 -36.21000
 -44.13000  10.09545   0.79874   0.00994   1.51700 102.9200 -168.62000   1.52000 104.89000  15.91000   1.52200 102.60000 -35.74000
 -43.13000  10.25437   0.85456   0.01073   1.51700 102.9100 -167.64000   1.52000 104.97000  15.06000   1.52200 102.66000 -35.24000
 -42.14000  10.41869   0.91183   0.01155   1.51700 102.8900 -166.67000   1.52000 105.04000  14.19000   1.52200 102.74000 -34.71000
 -41.14000  10.58891   0.97048   0.01218   1.51800 102.8600 -165.69000   1.52100 105.12000  13.30000   1.52200 102.82000 -34.16000
 -40.15000  10.76447   1.03038   0.01302   1.51800 102.8400 -164.72000   1.52100 105.20000  12.40000   1.52200 102.90000 -33.59000
 -39.15000  10.94494   1.09141   0.01370   1.51800 102.8100 -163.75000   1.52100 105.27000  11.48000   1.52200 102.99000 -32.98000
 -38.15000  11.12997   1.15348   0.01441   1.51800 102.7800 -162.77000   1.52200 105.34000  10.54000   1.52200 103.09000 -32.35000
 -37.16000  11.31903   1.21651   0.01516   1.51800 102.7500 -161.80000   1.52200 105.41000   9.59000   1.52200 103.20000 -31.69000
 -36.16000  11.51302   1.28032   0.01576   1.51900 102.7200 -160.83000   1.52300 105.48000   8.62000   1.52200 103.31000 -31.00000
 -35.16000  11.71065   1.34479   0.01634   1.51900 102.6800 -159.85001   1.52300 105.54000   7.63000   1.52200 103.42000 -30.27000
 -34.17000  11.91208   1.40982   0.01695   1.51900 102.6500 -158.88000   1.52300 105.60000   6.62000   1.52200 103.55000 -29.51000
 -33.17000  12.11673   1.47528   0.01746   1.51900 102.6100 -157.91000   1.52400 105.66000   5.59000   1.52300 103.67000 -28.72000
 -32.17000  12.32421   1.54098   0.01786   1.51900 102.5700 -156.92999   1.52400 105.72000   4.54000   1.52300 103.81000 -27.89000
 -31.17000  12.53497   1.60679   0.01831   1.51900 102.5200 -155.96001   1.52500 105.77000   3.45000   1.52300 103.95000 -27.01000
 -30.18000  12.74760   1.67251   0.01869   1.51900 102.4800 -154.99001   1.52500 105.82000   2.35000   1.52300 104.10000 -26.09000
 -29.18000  12.96197   1.73807   0.01909   1.51900 102.4300 -154.02000   1.52600 105.87000   1.21000   1.52400 104.25000 -25.11000
 -28.18000  13.17859   1.80331   0.01926   1.51900 102.3800 -153.03999   1.52700 105.91000   0.04000   1.52400 104.41000 -24.09000
 -27.18000  13.39583   1.86798   0.01946   1.51900 102.3300 -152.07001   1.52700 105.95000  -1.17000   1.52400 104.58000 -22.99000
 -26.18000  13.61394   1.93197   0.01955   1.51900 102.2700 -151.09000   1.52800 105.99000  -2.42000   1.52500 104.75000 -21.84000
 -25.18000  13.83178   1.99511   0.01949   1.51800 102.2100 -150.12000   1.52800 106.02000  -3.73000   1.52500 104.93000 -20.58000
 -24.18000  14.04939   2.05722   0.01934   1.51800 102.1600 -149.14000   1.52900 106.05000  -5.09000   1.52500 105.12000 -19.24000
 -23.18000  14.26623   2.11808   0.01911   1.51800 102.0900 -148.16000   1.52900 106.08000  -6.53000   1.52600 105.32000 -17.78000
 -22.18000  14.48086   2.17752   0.01889   1.51700 102.0300 -147.17999   1.53000 106.10000  -8.08000   1.52700 105.54000 -16.14000
 -21.17000  14.69302   2.23532   0.01810   1.51700 101.9700 -146.19000   1.53000 106.11000  -9.80000   1.52700 105.77000 -14.24000
 -20.17000  14.89935   2.29108   0.01731   1.51600 101.9100 -145.19000   1.53100 106.12000 -11.80000   1.52800 106.05000 -11.90000
 -19.16000  15.09879   2.34390   0.01503   1.51400 101.8700 -144.16000   1.53100 106.13000 -14.69000   1.52900 106.44000  -8.15000
 -18.17000  13.59131   2.38278   0.01805   1.50300 100.2100 -143.82001   1.52400 100.53000 -43.73000   1.53500 105.21000  38.77000
 -17.20000  13.82131   2.43249   0.02391   1.50300 100.0900 -142.87000   1.52400 100.41000 -44.10000   1.53500 105.30000  38.59000
 -16.20000  14.06123   2.48405   0.02407   1.50300  99.9600 -141.94000   1.52500 100.42000 -44.25000   1.53600 105.44000  38.05000
 -15.20000  14.30485   2.53361   0.02472   1.50300  99.8300 -141.00999   1.52600 100.41000 -44.40000   1.53600 105.56000  37.54000
 -14.20000  14.55202   2.58101   0.02575   1.50200  99.6900 -140.08000   1.52600 100.39000 -44.58000   1.53700 105.67000  37.08000
 -13.21000  14.80390   2.62583   0.02784   1.50200  99.5500 -139.14999   1.52700 100.38000 -44.72000   1.53800 105.80000  36.55000
 -12.21000  15.05952   2.66896   0.02708   1.50200  99.4000 -138.23000   1.52800 100.38000 -44.85000   1.53800 105.91000  36.02000
 -11.21000  15.31975   2.70928   0.02975   1.50200  99.2600 -137.31000   1.52900 100.35000 -45.00000   1.53900 106.02000  35.53000
 -10.22000  15.58473   2.74731   0.02973   1.50200  99.1100 -136.39000   1.53000 100.37000 -45.06000   1.53900 106.13000  34.89000
  -9.23000  15.85377   2.78304   0.02938   1.50200  98.9600 -135.47000   1.53100 100.37000 -45.13000   1.54000 106.24000  34.27000
  -8.23000  16.12739   2.81636   0.03197   1.50200  98.8100 -134.55000   1.53200 100.39000 -45.14000   1.54100 106.36000  33.57000
  -7.23000  16.40745   2.84685   0.03225   1.50200  98.6600 -133.63000   1.53300 100.39000 -45.19000   1.54100 106.46000  32.95000
  -6.24000  16.69309   2.87466   0.03302   1.50200  98.4900 -132.72000   1.53400 100.38000 -45.23000   1.54200 106.56000  32.30000
  -5.24000  16.98470   2.90088   0.03623   1.50200  98.3400 -131.81000   1.53500 100.37000 -45.26000   1.54200 106.65000  31.66000
  -4.25000  17.28302   2.92378   0.03756   1.50200  98.1700 -130.89999   1.53600 100.37000 -45.28000   1.54300 106.74000  31.00000
  -3.25000  17.58901   2.94427   0.03885   1.50200  98.0000 -130.00000   1.53700 100.34000 -45.33000   1.54400 106.83000  30.41000
  -2.26000  17.90257   2.96278   0.04146   1.50200  97.8200 -129.10001   1.53800 100.30000 -45.37000   1.54400 106.90000  29.81000
  -1.27000  18.22462   2.97838   0.04334   1.50300  97.6500 -128.20000   1.53900 100.27000 -45.40000   1.54500 106.98000  29.21000
  -0.27000  18.55655   2.99197   0.04601   1.50300  97.4600 -127.31000   1.54000 100.20000 -45.49000   1.54600 107.05000  28.71000
   0.71000  18.89835   3.00322   0.05067   1.50300  97.2700 -126.42000   1.54100 100.13000 -45.57000   1.54600 107.11000  28.21000
   1.70000  19.25106   3.01216   0.05451   1.50300  97.0800 -125.53000   1.54200 100.04000 -45.70000   1.54700 107.17000  27.81000
   2.69000  19.61561   3.01931   0.05637   1.50300  96.8800 -124.65000   1.54300  99.96000 -45.77000   1.54800 107.23000  27.32000
   3.69000  19.99214   3.02464   0.06011   1.50300  96.6800 -123.77000   1.54500  99.85000 -45.91000   1.54900 107.29000  26.96000
   4.68000  20.38253   3.02797   0.06420   1.50300  96.4800 -122.89000   1.54600  99.73000 -46.07000   1.54900 107.34000  26.64000
   5.66000  20.78620   3.02938   0.06931   1.50300  96.2700 -122.01000   1.54700  99.59000 -46.26000   1.55000 107.39000  26.38000
   6.65000  21.20453   3.02996   0.07460   1.50400  96.0500 -121.14000   1.54800  99.44000 -46.46000   1.55100 107.44000  26.16000
   7.64000  21.63844   3.02894   0.08014   1.50400  95.8400 -120.27000   1.55000  99.28000 -46.67000   1.55200 107.49000  25.96000
   8.62000  22.08847   3.02660   0.08657   1.50400  95.6200 -119.40000   1.55100  99.11000 -46.87000   1.55300 107.55000  25.75000
   9.61000  22.55491   3.02363   0.09264   1.50400  95.4000 -118.54000   1.55200  98.93000 -47.13000   1.55400 107.59000  25.67000
  10.60000  23.03934   3.01968   0.09944   1.50400  95.1700 -117.67000   1.55400  98.74000 -47.38000   1.55500 107.64000  25.57000
  11.58000  23.54150   3.01525   0.10742   1.50400  94.9500 -116.81000   1.55500  98.53000 -47.65000   1.55500 107.69000  25.51000
  12.56000  24.06278   3.01073   0.11562   1.50400  94.7200 -115.95000   1.55600  98.33000 -47.89000   1.55600 107.75000  25.42000
  13.55000  24.60359   3.00613   0.12428   1.50400  94.4900 -115.09000   1.55800  98.12000 -48.17000   1.55700 107.80000  25.40000
  14.53000  25.16428   3.00169   0.13331   1.50400  94.2700 -114.23000   1.55900  97.89000 -48.45000   1.55800 107.86000  25.39000
  15.51000  25.74707   2.99790   0.14450   1.50400  94.0300 -113.37000   1.56100  97.66000 -48.73000   1.55900 107.91000  25.40000
  16.50000  26.35066   2.99499   0.15613   1.50400  93.8000 -112.51000   1.56200  97.42000 -49.02000   1.56100 107.97000  25.44000
  17.48000  26.97643   2.99326   0.16714   1.50500  93.5700 -111.66000   1.56400  97.18000 -49.29000   1.56200 108.03000  25.46000
  18.46000  27.62567   2.99280   0.17982   1.50500  93.3400 -110.80000   1.56500  96.93000 -49.57000   1.56300 108.09000  25.51000
  19.44000  28.29845   2.99420   0.18840   1.50500  93.1200 -109.94000   1.56700  96.67000 -49.86000   1.56400 108.16000  25.57000
  20.42000  28.99607   2.99806   0.20749   1.50500  92.8800 -109.09000   1.56800  96.40000 -50.14000   1.56500 108.23000  25.64000
  21.39000  29.71846   3.00439   0.22039   1.50500  92.6600 -108.24000   1.57000  96.13000 -50.42000   1.56600 108.30000  25.71000
  22.38000  30.46705   3.01357   0.23715   1.50500  92.4300 -107.38000   1.57100  95.86000 -50.70000   1.56700 108.37000  25.80000
  23.35000  31.24220   3.02572   0.25588   1.50500  92.2000 -106.53000   1.57300  95.58000 -50.97000   1.56900 108.44000  25.89000
  24.33000  32.04507   3.04223   0.27477   1.50500  91.9800 -105.68000   1.57500  95.28000 -51.25000   1.57000 108.52000  26.01000
  25.31000  32.87606   3.06258   0.29299   1.50500  91.7600 -104.83000   1.57600  94.99000 -51.53000   1.57100 108.60000  26.12000
  26.29000  33.73619   3.08750   0.31424   1.50500  91.5500 -103.97000   1.57800  94.68000 -51.77000   1.57300 108.69000  26.19000
  27.26000  34.62602   3.11768   0.33683   1.50500  91.3200 -103.12000   1.58000  94.37000 -52.06000   1.57400 108.76000  26.36000
  28.23000  35.54591   3.15308   0.35885   1.50500  91.1100 -102.27000   1.58200  94.06000 -52.33000   1.57600 108.85000  26.49000
  29.21000  36.49740   3.19477   0.38432   1.50500  90.9000 -101.42000   1.58300  93.74000 -52.57000   1.57700 108.94000  26.59000
  30.18000  37.48161   3.24230   0.40933   1.50600  90.7000 -100.57000   1.58500  93.41000 -52.83000   1.57800 109.04000  26.74000
  31.15000  38.49794   3.29653   0.43747   1.50600  90.50000 -99.71000   1.58700  93.07000 -53.08000   1.58000 109.13000  26.87000
  32.12000  39.54918   3.35834   0.46815   1.50600  90.30000 -98.86000   1.58900  92.73000 -53.32000   1.58200 109.23000  27.01000
  33.10000  40.63460   3.42694   0.49752   1.50600  90.12000 -98.01000   1.59100  92.38000 -53.57000   1.58300 109.34000  27.17000
  34.07000  41.75528   3.50447   0.53153   1.50600  89.94000 -97.16000   1.59300  92.02000 -53.80000   1.58500 109.44000  27.30000
  35.03000  42.91441   3.59009   0.56785   1.50600  89.76000 -96.30000   1.59500  91.66000 -54.02000   1.58700 109.56000  27.43000
  36.00000  44.10884   3.68468   0.60584   1.50600  89.59000 -95.45000   1.59700  91.28000 -54.26000   1.58800 109.67000  27.60000
  36.97000  45.34166   3.79028   0.64566   1.50600  89.42000 -94.60000   1.59900  90.91000 -54.49000   1.59000 109.78000  27.76000
  37.94000  46.61407   3.90319   0.68394   1.50600  89.27000 -93.74000   1.60100  90.52000 -54.71000   1.59200 109.90000  27.90000
  38.91000  47.92707   4.02620   0.73494   1.50600  89.13000 -92.88000   1.60300  90.12000 -54.92000   1.59400 110.03000  28.05000
  39.87000  49.28052   4.16001   0.77165   1.50600  88.99000 -92.03000   1.60600  89.72000 -55.13000   1.59600 110.15000  28.20000
  40.84000  50.67555   4.30383   0.82140   1.50600  88.86000 -91.17000   1.60800  89.30000 -55.34000   1.59800 110.29000  28.35000
  41.80000  52.11420   4.45747   0.87322   1.50700  88.75000 -90.31000   1.61000  88.89000 -55.53000   1.60000 110.42000  28.47000
  42.77000  53.59579   4.62449   0.92852   1.50700  88.63000 -89.45000   1.61200  88.45000 -55.74000   1.60200 110.56000  28.66000
  43.73000  55.12190   4.80272   0.98364   1.50700  88.53000 -88.59000   1.61500  88.02000 -55.93000   1.60400 110.70000  28.80000
  44.69000  56.69411   4.98709   1.04388   1.50700  88.46000 -87.72000   1.61700  87.56000 -56.14000   1.60600 110.85000  28.97000
  45.65000  58.31203   5.18649   1.10242   1.50700  88.38000 -86.85000   1.62000  87.10000 -56.32000   1.60800 110.99000  29.12000
  46.62000  59.97659   5.39399   1.16639   1.50700  88.32000 -85.99000   1.62200  86.63000 -56.53000   1.61100 111.15000  29.29000
  51.59000 270.00333  51.95547   4.09601   1.51000 107.38000 -70.17000   1.51800  98.72000  58.54000   1.69900  97.22000 -16.48000
