RESIDUE A 3.142 1.0 CB  10 0.0194 0.0452 0.0839 0.0994 0.1316 0.1510 0.1690 0.1548 0.1084 0.0374 
RESIDUE C 3.142 1.0 CB  10 0.0192 0.0769 0.1490 0.1298 0.1587 0.1250 0.1490 0.0817 0.0721 0.0385 
RESIDUE D 3.142 1.0 CB  10 0.0084 0.0168 0.0468 0.0768 0.1273 0.1705 0.1849 0.1837 0.1236 0.0612 
RESIDUE E 3.142 1.0 CB  10 0.0068 0.0256 0.0513 0.0906 0.1487 0.1470 0.1863 0.1624 0.1282 0.0530 
RESIDUE F 3.142 1.0 CB  10 0.0226 0.0829 0.1307 0.1005 0.1884 0.1281 0.1357 0.1080 0.0754 0.0276 
RESIDUE G 3.142 1.0 CB  10 0.0000 0.0000 0.0000 0.0000 1.0000 0.0000 0.0000 0.0000 0.0000 0.0000 
RESIDUE H 3.142 1.0 CB  10 0.0240 0.0560 0.1080 0.0960 0.1080 0.1480 0.1680 0.1600 0.0920 0.0400 
RESIDUE I 3.142 1.0 CB  10 0.0355 0.0569 0.1066 0.1374 0.1517 0.1327 0.1303 0.1493 0.0758 0.0237 
RESIDUE K 3.142 1.0 CB  10 0.0078 0.0218 0.0577 0.0640 0.1139 0.1420 0.2044 0.1794 0.1513 0.0577 
RESIDUE L 3.142 1.0 CB  10 0.0220 0.0632 0.1360 0.1264 0.1676 0.1374 0.1319 0.1223 0.0632 0.0302 
RESIDUE M 3.142 1.0 CB  10 0.0400 0.0457 0.1429 0.1086 0.1143 0.1657 0.1257 0.1314 0.1029 0.0229 
RESIDUE N 3.142 1.0 CB  10 0.0131 0.0160 0.0612 0.0802 0.1122 0.1603 0.1778 0.1778 0.1531 0.0481 
RESIDUE P 3.142 1.0 CB  10 0.0098 0.0283 0.0326 0.0739 0.1261 0.1511 0.1728 0.1717 0.1630 0.0707 
RESIDUE Q 3.142 1.0 CB  10 0.0289 0.0342 0.0579 0.1105 0.1158 0.1868 0.1579 0.1711 0.0974 0.0395 
RESIDUE R 3.142 1.0 CB  10 0.0040 0.0479 0.0579 0.0998 0.1317 0.1637 0.1657 0.1517 0.1238 0.0539 
RESIDUE S 3.142 1.0 CB  10 0.0098 0.0330 0.0820 0.1028 0.1102 0.1542 0.1579 0.1897 0.1212 0.0392 
RESIDUE T 3.142 1.0 CB  10 0.0136 0.0505 0.0518 0.1023 0.1337 0.1473 0.1446 0.1801 0.1228 0.0532 
RESIDUE V 3.142 1.0 CB  10 0.0297 0.0594 0.1069 0.1406 0.1604 0.1129 0.1406 0.1465 0.0733 0.0297 
RESIDUE W 3.142 1.0 CB  10 0.0325 0.0779 0.1169 0.1234 0.1364 0.1818 0.1429 0.0974 0.0714 0.0195 
RESIDUE Y 3.142 1.0 CB  10 0.0131 0.0630 0.1155 0.1155 0.1654 0.1470 0.1522 0.1129 0.0892 0.0262 
