! 12.10.94 Residue paramaters using distal atoms
!
RESIDUE A 3.142 1.0 CB  10 0.0194 0.0452 0.0839 0.0994 0.1316 0.1510 0.1690 0.1548 0.1084 0.0374 
RESIDUE C 3.142 1.0 SG  10 0.0144 0.0865 0.1298 0.1779 0.1394 0.1250 0.1154 0.1058 0.0865 0.0192 
RESIDUE D 3.142 1.0 CG  10 0.0036 0.0132 0.0480 0.0552 0.1573 0.1633 0.1969 0.1777 0.1405 0.0444 
RESIDUE E 3.142 1.0 CD  10 0.0103 0.0222 0.0496 0.0889 0.1453 0.1590 0.1949 0.1692 0.1179 0.0427 
RESIDUE F 3.142 1.0 CZ  10 0.0327 0.0653 0.1030 0.1407 0.1809 0.1508 0.1181 0.1005 0.0804 0.0276 
RESIDUE G 3.142 1.0 CA  10 0.0000 0.0000 0.0000 0.0000 1.0000 0.0000 0.0000 0.0000 0.0000 0.0000 
RESIDUE H 3.142 1.0 CE1 10 0.0080 0.0160 0.1040 0.0840 0.1440 0.1520 0.1880 0.1760 0.1040 0.0240 
RESIDUE I 3.142 1.0 CD1 10 0.0213 0.0711 0.0924 0.1469 0.1540 0.1635 0.1374 0.1232 0.0711 0.0190 
RESIDUE K 3.142 1.0 NZ  10 0.0047 0.0125 0.0328 0.0655 0.1747 0.1700 0.1966 0.1544 0.1435 0.0452 
RESIDUE L 3.142 1.0 CG  10 0.0234 0.0687 0.1099 0.1415 0.1291 0.1799 0.1470 0.1126 0.0687 0.0192 
RESIDUE M 3.142 1.0 CE  10 0.0343 0.0800 0.1029 0.1200 0.1714 0.1543 0.1314 0.0914 0.0857 0.0286 
RESIDUE N 3.142 1.0 CG  10 0.0131 0.0350 0.0364 0.0627 0.1195 0.1385 0.1953 0.1997 0.1399 0.0598 
RESIDUE P 3.142 1.0 CG  10 0.0076 0.0293 0.0641 0.1098 0.1261 0.1609 0.1815 0.1837 0.0978 0.0391 
RESIDUE Q 3.142 1.0 CD  10 0.0263 0.0368 0.0526 0.0921 0.1553 0.1158 0.1895 0.1658 0.1184 0.0474 
RESIDUE R 3.142 1.0 CZ  10 0.0120 0.0339 0.0419 0.0978 0.1417 0.1737 0.1896 0.1737 0.0998 0.0359 
RESIDUE S 3.142 1.0 OG  10 0.0184 0.0416 0.0685 0.0979 0.1628 0.1493 0.1812 0.1652 0.0796 0.0355 
RESIDUE T 3.142 1.0 CB  10 0.0136 0.0505 0.0518 0.1023 0.1337 0.1473 0.1446 0.1801 0.1228 0.0532 
RESIDUE V 3.142 1.0 CB  10 0.0297 0.0594 0.1069 0.1406 0.1604 0.1129 0.1406 0.1465 0.0733 0.0297 
RESIDUE W 3.142 1.0 CH2 10 0.0455 0.0455 0.0844 0.1818 0.1818 0.1753 0.0909 0.0909 0.0844 0.0195 
RESIDUE Y 3.142 1.0 CZ  10 0.0131 0.0656 0.0814 0.1260 0.1549 0.1601 0.1654 0.1234 0.0866 0.0236 
